-2.28473927825689 -4.9437465342137
0.138063473626971 -3.83278577168894
-1.04585559479892 -6.89151975126142
3.14772533625364 -0.054207545358897
1.68131622299552 5.40326420442071
-2.9969173707068 -0.990165792969335
2.91955754905939 1.39170440459037
3.91829100809991 -4.54740170816038
-1.89669244922698 -2.42313770090328
3.32096814550459 -0.897408659952611
-0.279045993462205 -5.01119019597134
-3.69211867637932 4.50993874621044
1.25991441123188 6.44202800843561
0.825948670506477 4.94553703126944
-2.99978347495198 -0.891500423478815
0.710668217390776 3.56741527306268
1.01978564448655 4.95121866989083
-1.89568775705993 -7.69563953253516
-2.93069064803421 -1.41499156982963
-3.75825591012836 3.11844027770502
-0.0126674827188253 2.19298753372227
-2.1783903054893 -4.74502748968056
2.91302252188325 1.58763934057773
-0.121011728420854 0.71531092355361
-2.24747939221561 -5.56589478063962
-0.844649963080883 -3.46712142336082
1.59616132453084 10.0418432386211
-1.85838401690125 -9.64083865295098
1.51439912803471 6.42861149161351
-1.25612178072333 -5.56925113474356
-1.64918352849782 -8.96710663018663
0.388427758589387 1.07545257657067
2.15081094205379 5.51344191714503
2.22618626989424 7.02541860166134
-1.57457443699241 -6.87471072461332
1.99524736776948 3.59506505075651
2.09130562096834 7.05829080578648
0.0810608044266701 0.641377553476627
1.93806622922421 6.15243900331316
2.63681531324983 3.44960057618328
-1.86893882229924 -6.55218321528653
3.06739345006645 0.598223955728678
-1.94959736429155 -9.63559133284499
3.96612729877234 -5.52086699799749
0.907074809074402 -0.593298235975497
1.18462274968624 6.21847928575169
-2.7174043469131 -2.85366583834793
-3.83746405690908 4.43102885745529
-2.76547180116177 -2.36852780635146
-2.92773706093431 -1.68590392255868
2.86727219633758 1.9498153907594
-2.44953626021743 -4.59024501409067
2.95684798434377 1.70866565685901
0.356193462386727 1.84985652574623
-1.14505782350898 -8.8077464364641
-2.83277334086597 -2.84547255192975
2.40266732312739 4.89845240415346
1.3063367176801 6.86697556114257
0.4618208296597 4.78167640997132
-1.32631952501833 -6.64343714631043
0.752767885103822 -0.324980114715798
1.3135800678283 6.37996248989671
-0.318874686956406 2.26432965816589
1.53038522601128 6.89674302694136
3.39154907502234 -1.72801673766877
0.322212927043438 5.31184569581061
-3.57029968686402 2.60185445449891
0.0501959007233381 4.10446816826238
3.3064372241497 -1.07680306786854
-1.47606828995049 -8.3303430342056
2.11115992441773 5.20023774563324
3.08641435578465 0.403207001191827
0.995223850011826 4.94295956958993
-3.89685982838273 4.39924980587432
1.93414914049208 5.83898311835156
-2.76025206409395 -2.11166669363997
-2.81475141271949 -2.42897252160241
-3.85977669619024 4.36501970549274
-0.332769429311156 -6.90628651059516
-0.215880116447806 -2.89452132791385
-1.42473340407014 -6.54700775152842
-2.11496046371758 -4.54292775334305
1.4471115283668 8.72010091508142
3.93675775825977 -3.8903432517373
3.53860848583281 -3.2478574067208
1.03141168318689 5.29239249279936
-3.78185896016657 6.46501607501986
-2.36941285058856 -5.43841627706447
2.97724135965109 1.04926165022667
-3.09074123762548 -0.317827306821665
0.645033041015267 5.85828915666068
-0.976669080555439 -7.68381949321277
1.08906226977706 3.03365653190399
-3.89547831192613 4.04738701655212
-2.33976694941521 -4.9750111703844
-3.55570407956839 2.00436852147881
-2.45615057088435 -4.42027926307025
3.09742478653789 0.367604896807183
-2.75430219061673 -2.24770259586821
-2.83205241151154 -2.13119888572383
3.93889969401062 -7.27622740482648
-0.417421832680702 0.776330653953771
3.63691317476332 -2.67667456078664
1.83953052200377 5.81230739537707
-0.417925987392664 0.933833855803782
0.836910843849182 6.28938631091164
3.60339361801744 -2.97700746756645
1.60367754660547 6.84208029204663
-3.55258036777377 3.47586863957555
1.87391742877662 6.3207430628324
2.74528292752802 2.97693708017547
0.5274095274508 2.02787620066352
-1.31366510689259 -5.1654603452485
1.95464311167598 6.46993920712934
3.82763497531414 -4.80411905770313
0.290076069533825 -3.10294130163196
2.74188296496868 1.78305287820695
3.07624933868647 0.427933511868658
-3.69656831212342 2.81445691541927
-1.75789408013225 -5.26290293340894
2.84861927852035 2.15768915808424
1.44617785699666 5.53583797494914
-3.56637907214463 2.61887874007685
-3.19395246170461 0.38417908546316
3.80745545215905 -4.71928519894136
-3.25053741969168 0.842747248374233
-3.71600058302283 3.8344646297244
-0.763757413253188 -3.61515181175413
-3.04951246827841 -0.65309285547183
-1.79583376832306 -4.56888630541467
0.499524703249335 7.6615082480122
-1.97605691850185 -6.25510014229249
-2.04315010458231 -6.96037463613122
3.11571599915624 0.190814009344168
1.17308800294995 2.58533588192423
-1.28020450286567 -5.30398665169645
-3.18837339617312 0.300096750983671
3.31128197908401 -1.20712178893938
-3.43211324326694 2.29453731453212
-3.65865330956876 4.01749157984054
1.92344396188855 6.74506047949694
3.75856285355985 -4.11437105004984
-1.36844296194613 -11.1146050308199
-1.11974958516657 -2.81891095256834
-1.0663022454828 -4.6257149002138
2.73236764781177 4.22052659937972
2.40410215593874 4.4044107713823
-3.96639217995107 6.18020125915539
-2.9736137650907 -1.2389158310129
-3.93291296623647 4.10348823190614
-0.817612525075674 -5.99314276744365
2.55347751453519 4.50322506098412
-3.19599002227187 0.329430777571168
2.70283712074161 3.47408150988014
3.40247491933405 -1.60037610169937
3.55314241349697 -2.01305956248156
1.44683929160237 3.24758049408254
1.3134775981307 10.3562199350023
0.159979680553079 -5.81489225227105
-2.68606676906347 -2.76725227423085
2.37935806438327 5.05455459710961
1.11791356280446 7.03755871430379
3.24061685241759 -0.830037841826098
-0.77330014295876 -1.78071798927472
-1.54381577111781 -6.60192884369715
2.46664538793266 3.8514444527348
-1.14734133705497 -9.06911621417443
3.06986688636243 0.520923383182936
0.645906930789351 3.90753085475785
2.54597434774041 5.04834804517735
2.46207397058606 3.45646377553699
-3.67591914534569 4.27087144386709
0.910351820290089 6.52286773955729
-0.876556733623147 -8.33104903099773
0.49631455540657 3.45218648898266
0.516053929924965 3.37784508630482
-0.599224839359522 0.737372470987294
3.51446511223912 -2.38104192674749
-1.73881634324789 -7.89246344244489
-0.115290289744735 2.16133441365812
-1.78417285904288 -7.10597422660559
-0.677295222878456 -9.02306891880578
-1.91065139882267 -5.43604986597404
1.5877177156508 7.87386372691046
-2.31986841745675 -3.52136427796299
-2.34882421977818 -5.25752718929147
-0.639326626434922 -3.76556788762339
0.480014689266682 0.448404049263926
-3.93376678042114 5.35128792562541
-2.44922901503742 -4.79413718468485
0.962500875815749 3.07292826053122
2.15393177419901 5.78059362039312
-2.69753671251237 -3.46463011196813
-3.85989557765424 3.19540590765432
-0.434642085805535 -5.20901123173569
3.63430564291775 -3.87201770627271
-0.0388672966510057 3.77229802351306
3.83610668592155 -4.11299916261022
3.98841677047312 -4.80094170841998
-3.40113586187363 1.83607217425935
1.16432740911841 5.01577318851505
-1.43369136936963 -10.6973110009519
2.64053372479975 4.6571916508095
2.3494192827493 7.00552024770673
3.40724260546267 -1.70973769940349
-1.73432863876224 -7.48141486694072
1.57544993795455 6.88713270672181
-3.69557481445372 4.634440936412
-1.25226053036749 -8.9510122536956
-3.66258965246379 3.73770362819513
-1.69800662994385 -6.20185713103128
-1.96450904943049 -10.9283205773759
-2.60734213888645 -3.95047410302285
-2.6175644043833 -3.79493770111799
-1.55163823999465 -8.48300971762314
0.270890299230814 -2.48589066778616
1.81312970630825 7.66082925410788
3.64561576023698 -3.94792988388077
-3.79678270965815 5.75133975850102
0.553253063932061 6.6603001376092
3.81209651380777 -2.01223623872435
-2.9540850687772 -1.24364635809387
0.697556506842375 3.46271157365268
-0.507290074601769 -4.14452784007887
-1.55183395557106 -6.10585202312856
-1.36314729973674 -4.07522865841809
-2.83051707781851 -1.96602286680828
-0.0322726797312498 -3.55393198665834
1.84965819865465 6.15928951512463
0.359262777492404 4.12938383227125
-3.61687964387238 4.08951518394896
-1.47412008419633 -11.2997984213284
1.41735979728401 4.81634211567825
3.00347643904388 0.897134037282553
-1.79112985916436 -7.2540853738923
-0.0622356571257114 -0.658425898822155
1.85372037626803 8.5648065990544
-0.578211916610599 2.55023555568723
0.700531274080276 4.05916807542759
3.55319023691118 -3.39856604023211
-0.495423905551434 -2.57089565592734
2.77709468640387 2.29874451866527
-1.14402326568961 -6.11324944756594
-0.582598488777876 -4.37405817091191
-1.59554073959589 -8.58730081204383
0.0602957718074322 -1.80651993528832
1.53723418712616 3.3157679609449
-3.7462052796036 3.55559255910134
-2.97815814428031 -1.10320631547185
-1.44211076758802 -6.90551194185351
-0.436576440930367 -1.38736357040751
-0.680769694969058 -1.86563807428916
-2.13287591002882 -3.96622698031593
3.63943916559219 -2.41566607449279
-3.22213569656014 0.608905605032326
0.776887435466051 5.34506681567857
-2.14172912947834 -6.63252968433049
-1.72690632008016 -7.92734007359378
-2.16032992303371 -5.79748533365713
-3.20635448023677 0.383262290773941
3.24071170017123 -0.725835664873481
-0.79272323101759 -7.22752348605072
-2.74613794125617 -2.57743385682886
-2.01142041385174 -5.87847722778693
2.18947106227279 4.31940603969609
1.34508512355387 2.23544426660622
3.61139630153775 -5.4707518046325
-0.367154777050018 3.65397381665091
-3.71543711051345 3.0618797980623
3.39458308182657 -1.57530727177504
-3.92594915255904 5.72513463338383
3.40739829465747 -2.00972084068694
2.12389685958624 5.27586746872677
-2.0304800812155 -7.09037124509764
2.11622311547399 3.68565679076532
-1.02037103846669 -8.27801512308939
3.94029520638287 -6.25913805947491
-1.90947610326111 -7.47057834074576
-2.21515712141991 -6.16174929505699
-1.71585802547634 -6.9792686860254
0.0910942573100328 -0.0364820247810924
-2.05049034766853 -5.62148094208747
-3.26555514149368 0.824358166445067
0.478295154869556 3.58636332017972
0.558555772528052 4.53974991221297
2.90783281624317 1.4130509395264
-0.900390455499291 -1.93470273328884
2.83612865768373 2.27504356509633
3.20528041757643 -0.441743856605796
-2.13463368825614 -5.23696912928939
2.91022985987365 1.16976779593238
-1.65496424399316 -6.44975361572457
0.814808014780283 7.4408618628958
0.501961706206203 0.270894597852722
2.62637633644044 2.73272661954993
0.0619758684188128 -2.03448611657634
-1.05220382846892 -2.75596912197268
1.39357116818428 6.2946644731138
2.40975330583751 6.66854074419032
-3.03349373117089 -0.932410806232382
-2.38973917812109 -6.00976868073382
-3.80214249901474 3.15686725563325
2.63256358541548 2.95723983025717
0.385082749649882 1.01637244299438
-2.28898009844124 -4.28100656163906
0.879249373450875 4.7399228462745
-3.23849361017346 0.679951295970508
2.62299363315105 3.6049288526823
0.585404707118869 2.89844815464255
-1.95630594715476 -6.91291087180325
0.397067595273256 9.00361310302259
2.71320904232562 2.70353798893985
2.63374297320843 4.8564039552473
0.992318509146571 6.24332943777771
2.67754887230694 2.35796184193643
0.931002331897616 -0.496236592619637
3.14186606556177 -0.00197380255208024
1.80524217151105 7.45588227303874
0.444521453231573 5.82382783086771
-0.65186320990324 -2.98221068284332
2.76310423761606 2.34759076339594
-0.913224229589105 -9.22531278604842
-2.68106144480407 -2.75699469397904
-2.19902147725224 -4.35600555982999
1.38165551051497 2.09513028284174
-2.33108770102262 -5.85308212460028
-0.320415472611785 -4.06523284563854
-1.91553441435099 -6.16258144093585
0.0513246823102236 0.429775074512036
-3.07996735163033 -0.398819926540719
-1.64258624613285 -3.62219573688858
-3.11802268214524 -0.154083070976729
-3.44801044277847 2.97832093143677
3.91296373680234 -5.44468179782027
1.51688002422452 8.561753588592
2.83197536505759 2.70510004052343
2.33234314061701 7.09780043715839
1.18332499451935 7.95609568319826
0.939997401088476 6.70634395429877
-3.68668021075428 2.47600889606688
2.70768490806222 3.15151147875324
1.67875294387341 10.962927745598
3.97098757140338 -5.66340394399118
2.33097858540714 3.27154128408349
3.94383332505822 -3.94089505178088
-2.08523973450065 -6.64058010180599
0.51149033382535 -2.32927900871117
-2.09755406528711 -7.21663238315679
-1.85851469635963 -11.1795236672763
-2.88158453628421 -1.99361265000368
-0.493713548406959 -3.92754407774187
0.912705836817622 4.86131549323841
-2.97030228562653 -0.917766457693686
3.17687566392124 -0.210662321737857
0.674623807892203 8.9279487619837
1.48126875981688 10.7295040170213
1.21081994846463 5.82818063798818
-0.235786149278283 0.244777933212761
-3.03464060649276 -0.641853267187664
-0.571684641763568 -3.72213685580443
0.33499556966126 -0.114916055490677
-3.30343266576529 1.37985273109774
2.45215341076255 3.38866667856725
-1.01025319285691 -5.0215349714332
0.244952289387584 1.721727704445
2.13012803345919 6.4562281881816
-1.58601414971054 -8.21465968618659
-1.880480626598 -5.67347318227528
2.62437668256462 3.82846836879935
0.0652911048382521 0.636677649419923
-3.17594157531857 0.207310755603689
-1.25840544141829 -6.38272754831998
1.1044574547559 4.93033671106152
1.4959951415658 4.05587653444408
0.39982139505446 -0.00792928882179034
2.48969508521259 3.35529867548637
0.272448260337114 -1.75523662875102
1.17019923217595 5.61270538871662
-3.88642205670476 4.97251615869037
3.76276240125299 -5.04462394520848
1.86612335406244 8.89793910902223
-0.870553094893694 -11.4254057186169
0.0528972800821066 -2.3333742765297
-1.46703342720866 -5.08018697248939
1.15824338793755 9.36659911862876
-3.0211733430624 -0.776511367678508
-2.12000592984259 -6.26938307148311
2.67813809216022 4.03036947790752
-3.80435355752707 3.29489818327479
-1.09622357785702 -6.97202110194919
1.84110296145082 4.02982580695796
1.85128474794328 7.36113516936127
-1.84957923181355 -7.34237365176861
-1.47443827241659 -5.5473164449869
-3.63402870483696 3.95573992603001
2.40122454427183 5.96570784166579
3.77292288467288 -4.08576597330356
0.87531359679997 4.96007669764067
1.99465844966471 7.08813317503822
1.29595780558884 9.45068654778564
0.613985903561115 6.42727929951398
-0.158620540052652 -2.06648604894993
2.98279338516295 0.728769165651551
-0.962623639032245 -5.53823530303912
-3.60920642502606 4.07553869411467
-1.63149112649262 -4.57268004301003
1.59349855594337 5.8570492597707
-3.82692484743893 3.07227023312539
0.191889176145196 7.31097137277287
2.08916782960296 7.69350535790319
-0.137303529307246 -3.36470302806765
2.09803431294858 5.87474657618323
1.58951227925718 6.56863693968649
0.370293213054538 3.13018713319269
1.0006201826036 8.25638644591593
-2.99158877320588 -1.21831437535534
1.18397221527994 6.35924300309805
-2.41491286642849 -5.32461801752662
-1.40720580890775 -4.69690346067921
0.666829748079181 9.12715752448234
-0.0307093914598227 -2.07591701069249
0.48526943847537 1.97664409541576
-3.12152333371341 -0.125147403391489
0.461211467161775 7.62970027752039
0.576543979346752 5.46039491822391
-0.69519255682826 -3.87992017586953
-0.098582549020648 -4.09964597919233
-0.0185957383364439 -8.52562244947165
-2.01436006464064 -8.6941093186427
3.34675513207912 -2.03331150088418
-1.61945984326303 -6.18617609980031
-2.02759581431746 -6.28004359488093
0.583094738423824 3.74400750961492
0.501180151477456 5.65732580902396
0.809211939573288 4.64210069554715
2.64358300156891 4.3402256775758
0.0731553565710783 -1.41188589113969
-2.74780385568738 -2.66478711619954
-0.593269420787692 -4.24591988297078
-2.06839951686561 -8.45184644639044
1.88608758710325 8.95009156335622
3.41694318503141 -2.59786866021515
-0.132806608453393 5.36999616761457
-0.683419624343514 -5.7302378059946
2.18870812095702 5.61437703553891
1.31274755112827 7.30261016800739
-3.16898068971932 0.167029995518836
-3.0018691457808 -0.649673761923576
-1.13742154836655 -7.15131360161575
-2.48531678132713 -3.70333126679774
3.93385944142938 -5.43760282872045
-0.438501937314868 -7.21757073730328
0.0177456215023994 -4.78369040393237
-0.332995042204857 -7.82403486099598
1.83177278377116 8.65679464331566
2.83539779298007 1.92721902511918
3.93910644948483 -4.75630394019323
2.37386468239129 4.48900101978582
0.616158502176404 4.13086479198947
-2.68934147618711 -2.20577635672224
1.05976771749556 8.24122016654273
0.730052497237921 8.42911080894886
-0.270332865417004 0.0332635067009899
2.38626827485859 5.80115566558839
3.00870987214148 0.687713340767806
0.859273111447692 2.82126131236672
-3.69251794181764 2.92710596537773
1.73268435895443 4.43654470712293
-1.17570617608726 -7.97202910498996
3.95355904102325 -5.13143846427148
-1.5982839372009 -7.60337583975682
-3.17377874441445 0.277877330051201
2.60845177620649 3.93590585779462
-1.35306853428483 -8.65090223493916
-1.72816393151879 -7.88309498028897
2.2498663328588 6.90494083410339
3.81516582518816 -6.01482960249826
3.86644089780748 -5.02344056471886
-2.22378936782479 -6.08427587114872
-1.31250638328493 -8.23966728740553
0.564772646874189 3.77629161792252
-2.21853831037879 -7.74981855746721
0.533311715349555 0.069613032786084
-3.77236134745181 5.09394943749391
-2.46216602809727 -3.0913542311316
1.198187623173 3.24180835585077
-0.403631094843149 -4.82088377940905
-0.849263744428754 -3.86599764824515
3.18620824813843 -0.271360697358445
-3.24329978227615 0.485706736625724
1.53489524312317 8.63342258783623
-2.67194183915854 -1.98695582988092
2.19143768586218 5.28839810440303
-1.88053553365171 -8.13730259030484
1.27433793060482 7.50927329158616
-2.26980532519519 -3.4984883778591
-1.43902259320021 -5.33963207425457
-1.03728077746928 -8.15402545224298
0.548767656087875 2.28631084918671
2.93796412274241 1.22369597649016
-2.70010968111455 -3.4502162985783
-3.48921157419682 2.36664060006212
0.288849679753184 2.85159719007226
2.25289221480489 4.75195463775568
-1.29537432827055 -8.4222402658093
-2.74940094910562 -3.11443027777768
3.96897738240659 -6.31549150779364
-0.923390116542578 -6.73455002167196
1.4922291431576 6.23579930064633
-2.59587823040783 -2.91538847430084
3.3749171551317 -1.47009892251126
2.20803894102573 9.113526815789
-2.00628817267716 -6.89406978962177
-0.310077192261815 -3.23577513751578
0.186536200344563 -1.94735321116155
0.720705254003406 5.12585860329715
1.14190276153386 6.84458366076547
2.49187661707401 3.53953147621443
1.24358275346458 3.58030548816295
1.79996810480952 9.47475275777447
0.827677862718701 15.3267195053627
2.91597787104547 1.50229874611501
3.33410467766225 -1.33332046739538
3.29799376055598 -1.04317643948941
1.07980264537036 6.68186365477218
-3.48605818301439 2.68590754067095
-3.64895710721612 3.1037015544788
-0.850076097995043 -11.7127015298016
3.39017230272293 -1.32663161711983
2.89028325676918 1.82755556683303
-1.01342694833875 -5.4146996288314
3.21604657359421 -0.643896516994873
-2.4096437767148 -4.66862865613387
-0.32744076102972 -2.367821333538
1.0997442882508 6.72080115732692
0.534334801137447 4.01785405062295
1.62948686443269 5.2520767873646
1.20612502098083 7.82444902870765
0.56221947260201 4.0359478020275
-3.73151271790266 3.70791056643374
-1.19789361208677 -7.35956626456738
-2.10885296389461 -4.0516304464973
2.98319424502552 0.997076955631332
3.10010432265699 0.299450964005106
3.55389856360853 -2.52096306854205
3.61133174784482 -2.59635517804325
0.881487257778645 7.36716614877676
-0.35529107041657 -3.81980287548817
2.11288642138243 5.40904247435477
1.23224350810051 9.04928397716965
-0.145925151184201 -1.55721255051771
3.01239355280995 1.06445949219987
-3.77792632766068 2.32406470329871
3.50468506291509 -2.25162387585887
-2.49951988086104 -4.24848227164875
0.639435008168221 4.8839125831468
-3.5978848580271 2.60463552663572
-1.30212997086346 -12.2545902886739
2.95891617238522 1.47897382398572
3.3002509791404 -1.52278198624847
0.28626574575901 -0.673071931974293
-2.55282324180007 -4.1020843616494
1.10076680593193 6.14835060410311
3.46184711903334 -2.28836222778566
-3.04752793908119 -0.65603734330915
-0.771648816764355 -2.25647838070483
1.93866559304297 6.16460356006917
-0.124526485800743 0.578350282151288
3.77211824059486 -6.40438736485745
2.49843104556203 4.30895925439553
-1.55918306857347 -7.11460345431465
3.89745360985398 -4.25784385155642
1.56600785814226 5.81093607900973
3.30976623483002 -0.895146729541996
-2.03463334031403 -5.96564814481088
-3.93557011522353 4.70825523848692
0.295565327629447 0.301504116002069
-3.37619297392666 1.96055267298104
-2.52349685132504 -5.69395977780805
-0.589683344587684 -6.80789900007525
-1.2691872920841 -10.3699679338487
3.65041491389275 -2.352208096606
3.28171688131988 -0.796441542722037
-1.36409393511713 -10.9634533324781
-0.0956060513854027 -1.65340340005292
-2.71425515972078 -2.34308535840161
0.0390837285667658 3.30373514503516
1.52717623487115 10.4140999764365
-3.88235613703728 4.65778590963149
-1.47842434793711 -5.29048903863363
-1.95097462832928 -6.42079452209408
-2.91695933789015 -1.42765238214448
-2.27434790506959 -6.31049769106634
-1.82672887295485 -7.23643466674088
-2.18223235011101 -5.56512050378406
-0.536240257322788 2.1314295945054
1.95214657858014 6.40473715236204
-2.54771346412599 -3.18635296133718
3.12071932479739 0.15890521870895
2.04166823066771 4.35745467822688
-3.6010084617883 1.99318753889898
0.404134564101696 5.63796145141302
0.865151047706604 8.28408670332605
-3.16408879868686 0.0965171310591749
-3.83060436137021 5.02848662302005
-0.448719054460526 0.808868507011689
-2.96948304399848 -1.58178305186609
-3.5839267577976 2.67946581343348
1.93970959074795 9.36080173782589
0.06996831856668 2.03156535559737
-0.0227751806378365 -2.88284923034542
1.5564834009856 5.66573384353781
-3.08892894349992 -0.449880101747713
-3.8810592032969 4.20939822467798
-3.93587287142873 5.95038171384183
-3.3918514624238 1.39551579120983
1.91221552528441 5.97449309793369
1.63643239066005 8.96557482269613
1.76439638622105 5.23894786016619
-1.89507611840963 -8.09378933166045
3.79569241590798 -3.22737928457826
1.19488730840385 6.08352840839327
3.28787166252732 -1.15238025041758
0.574592869728804 5.19035366910993
-0.822465889155865 -3.43585101622614
0.339620251208544 -1.57729216567698
-0.44127294793725 1.71863522441694
-3.17232532054186 0.16849439356233
-0.600818023085594 -3.65551512300078
-3.83746560849249 4.94535289953254
-1.20978572592139 -2.47062358902429
-1.94726398028433 -5.7361644981615
-3.79995820857584 5.48062816861597
-0.449516169726849 -2.9040903637264
1.43001531250775 7.14176267725391
0.0741386767476797 -3.02187932629204
2.36387399025261 7.59831523958616
2.07655911333859 6.54527591594775
-2.37693854793906 -3.02070552181207
-2.85230320878327 -1.89643901313474
-1.64834478124976 -8.8826289273959
-3.67808169871569 4.42264435998315
-0.33760586194694 0.328223657302789
3.16447044536471 -0.180775047848728
-3.38699395395815 1.50455890237149
1.05181918479502 9.36598381951965
-2.04181783646345 -7.40837535437343
-1.29017468169332 -8.06413895885569
-2.58659819327295 -5.08354548239042
1.06072937697172 7.81319879650021
-2.308773284778 -4.88934315673146
-0.735525475814939 -6.77589903876003
1.58151934482157 5.86483832212357
1.63585654832423 7.24521438626647
1.93873259425163 6.07557464206311
1.34046838991344 4.99106444772672
0.20110378600657 7.21742176563775
1.85564705170691 6.90873573571874
-1.1453241109848 -4.1948986011332
-3.21457788161933 0.560646575581625
-0.606898244470358 -5.63110988108466
-2.82926171831787 -2.30470499277459
3.88989227451384 -4.82812981579162
-0.526898788288236 -4.11493246259533
-0.478366425260901 -5.97331241207372
-1.21604450047016 -3.77733679489776
-1.2707582488656 -8.85344732066531
3.97774869017303 -6.31449943465831
-0.569856718182564 0.277867379341298
2.97954085469246 1.30616304192274
-1.62125431001186 -7.99924335457533
-3.37751927785575 1.89082546683797
0.661524537950754 7.64073265388148
0.250814013183117 -5.37758780037309
2.6627229694277 3.0617981478926
3.10523478500545 0.220527655920285
0.52951399423182 3.41617004387314
-2.75334262661636 -2.26643744634795
-1.7316925842315 -4.2270824679683
3.81232821941376 -3.77440530084688
0.952036691829562 5.62454151231929
-3.43504860624671 1.96120197481936
-2.02083037607372 -4.21613437287494
-2.82562861964107 -2.42492722759432
-2.47965202480555 -5.53193143615895
-0.542934006080031 -8.64077771589642
2.01201996020973 6.1045727336651
0.19353505410254 -0.620363290743565
2.31711825355887 3.66805454935219
0.556893499568105 0.99359179515139
-0.387924332171679 -1.53012280454597
-3.96900759078562 2.59378864999698
-2.55247558839619 -3.34814106681796
-2.56199279427528 -3.82266665972306
2.68359091505408 1.90777400358407
-3.34474016912282 1.47360811052563
2.20520897768438 4.71304326102153
3.59983288682997 -2.99000940052929
3.67169266566634 -4.51879298912255
-0.382947845384479 -2.18207357016192
0.839584708213806 5.14203727064388
1.25880535878241 4.50054921400056
3.12146985717118 0.0510807298207659
1.97473054938018 5.96399858867428
-3.42813288606703 2.22362614068077
-1.4286384973675 -8.82206101713077
2.74632684886456 3.86716486854667
0.15365737862885 -3.08135550413111
-3.10064892098308 -0.35901015744034
-0.657206693664193 -4.95998616454919
-1.70507664047182 -9.73802938115446
3.60057598352432 -2.57563910307757
1.51853831671178 4.9267870901089
-2.97266186214983 -1.16470070309961
0.697662647813559 0.624791140468371
-3.14039407484233 -0.0102554677145831
-2.82511016912758 -2.48947486060259
0.725129272788763 10.0973302456766
-0.7347232978791 -6.21479261440025
1.3420707155019 4.31025308770315
0.41679603792727 4.64977799067125
-2.27841589786112 -3.43124716798095
-1.78322340548038 -8.53273184880489
-1.22376976534724 -7.64763385682855
0.439391423016787 4.23032651276407
-2.97699669376016 -1.43021764129824
-2.27963292598724 -5.14749249613975
1.14281646162271 1.39747606119537
1.23901307396591 5.75561814040942
-0.368165573105216 -5.45796111921765
2.26314276270568 4.23443432148619
0.137979455292225 1.82016413780086
2.349733190611 4.47911730799889
-2.64932850562036 -3.42367780796995
-2.47577616013587 -5.36944626638863
-3.62234337069094 3.37979003367567
0.756155943498015 4.63330488301045
-3.74856836162508 3.49828973131986
-1.65711143240333 -8.82302097059387
2.29291844367981 6.00703183191148
-2.32246009074152 -4.93911548523515
-1.55285707116127 -9.01005316700537
-2.19223341718316 -3.73127900103545
-3.67540445737541 3.13006434010854
-0.716724844649434 -1.41663349871469
-1.67772988602519 -6.8180981492594
1.23900692537427 4.41787790618159
3.09450162388384 0.216097266185015
-3.10559360682964 -0.317352589920415
-1.12513827718794 -6.39051123980262
1.20651950873435 6.83544978498478
3.65602050162852 -4.12867804934477
-3.60589495301247 3.05422809259906
3.69939861260355 -2.6440457429305
0.710231704637408 4.51629554507269
-0.350458964705467 -2.25455494409389
-0.798858093097806 -3.68867998046759
-0.350943852216005 1.73452609829849
-3.01488877460361 -1.21758834841916
0.23981330730021 -2.07976712117769
1.02562191896141 1.34092123246202
3.48084226623178 -2.88086818643496
-2.21287707798183 -4.63066900455365
1.38488968275487 7.71320662737725
2.11989730410278 6.30164318999283
-2.48311643488705 -4.1734755686544
-3.11979425884783 -0.175640110529741
1.21657487377524 6.35747960438245
-3.930280264467 5.25845793892927
-0.502387914806604 -0.0189896827053828
-0.592577792704105 -6.1034256717199
-0.236194308847189 1.77037352232027
0.521436586976051 5.37252184204414
-1.0308254621923 -4.26561134978312
1.41316389106214 6.84778196228501
-2.03606078960001 -8.49667398530411
2.8998866006732 1.83213081711258
-0.699100306257606 -6.60030285278284
3.97207647375762 -5.44293679764591
-0.200610322877765 4.34260354831033
3.79215944185853 -5.92337742620356
-2.98895261250436 -0.989404425945876
1.29966404102743 13.9117131024727
0.172999516129494 7.12017780518161
-0.491215394809842 -10.0475184598816
-0.740313677117229 -7.31696014821724
3.8228045348078 -6.54276817971658
-2.67204982973635 -3.00460804528036
1.77311987429857 6.48264772966232
2.17664571106434 3.84049749119817
-1.92434691637754 -5.15088649127903
-2.39930677972734 -7.03796844067924
1.99433789588511 6.27886576882598
-2.44323890283704 -4.52582193770223
0.479533888399601 4.05522967995537
-0.606289558112621 -2.8619422295709
-0.735348176211119 -3.38951130911171
1.04566048458219 3.73190761077315
-2.43924835696816 -4.46127485175307
3.64787627570331 -3.31239494457805
-3.10350467823446 -0.18299032638722
0.359867064282298 1.03760322264989
0.842930870130658 3.82266700818251
-2.16738360747695 -7.44808296282298
-1.87876731716096 -0.961367458372945
3.24062012881041 -0.540048316006963
-3.41402854584157 2.5637995173708
-0.628424698486924 -6.10484610136123
-3.33260166086257 1.09508924314912
2.6714631319046 2.63212695257168
-1.16464097052813 -3.17771653798999
1.64759045094252 8.67680378690714
3.40992253273726 -1.25433038333173
-0.809552261605859 -2.85311129356532
-2.96955642849207 -1.12913655688107
0.937246734276414 7.69853593603997
0.841424403712153 3.84431363817669
3.15339982509613 -0.0279378018955245
-2.2400490231812 -4.3936420015281
-2.07732775993645 -8.07022938969612
-3.74277007952332 4.74476317486607
-2.28626990132034 -5.79314524949324
-2.23189258575439 -4.45973384492386
1.09909803047776 4.46013644773079
-1.67662895470858 -4.67115413462759
3.53261576220393 -3.05447717456299
-0.00855677202343941 3.58910529376114
-1.13423263840377 -7.99934968429019
0.686867155134678 8.26272693997892
0.369982428848743 3.21200796424396
1.85674114897847 6.39769349613767
0.286236483603716 0.0766552087086563
-1.31031851284206 -9.28981472788778
-0.725479479879141 -5.66236072584941
3.39410972222686 -2.58778043378816
-1.22135633230209 -4.97361725829391
1.2091856431216 5.88089521753958
0.120303854346275 2.20606109476779
-2.30919279530644 -5.31324398594866
0.231551358476281 -0.00453872032722269
-0.0234788674861193 11.1109925864891
-3.42331248894334 2.08069137982104
-0.543269511312246 -3.67086646397525
-0.857799576595426 -8.93157800662449
3.08639142848551 0.354797555695122
-3.82220110110939 4.59076644025021
-2.18998656235635 -4.84261398475469
-0.687910465523601 -3.76277856739231
0.871782319620252 -0.416323192547805
-2.41965133138001 -5.08456567122898
-0.858665307983756 0.931948671965944
1.81596743315458 6.17856785704497
1.04522124677896 4.42538210916901
-1.73162168823183 -6.63849455677619
3.19608463160694 -0.410351954617211
2.52513829991221 4.71460432556324
2.36115692742169 5.21673826929451
-0.150358544662595 -2.56338347329587
3.68207755126059 -4.70135870730026
-3.95728727430105 4.44344675327443
-3.10020643100142 -0.196295669516921
1.73636561818421 9.40385955339752
-3.50288784503937 2.25961177911135
-0.264729859307408 -4.07097382442173
0.822478942573071 5.69861942212908
-0.464805060997605 -3.6827270793624
0.346556490287185 -3.4221700800966
0.784695262089372 1.35748102008068
3.26935715600848 -0.721610315267549
0.674023089930415 4.89211018767655
-2.75757972896099 -2.48822997522943
3.38497478887439 -1.60598791669338
0.332459356635809 -0.76572387996317
0.252526475116611 3.61545600947672
1.53448249213398 6.77078883652604
-0.731132401153445 0.587209209193634
-1.33504256792367 -5.98973801588294
1.73609416745603 8.09554811530623
-3.55885838903487 2.96038791049722
2.41361261717975 3.60998758495449
-1.76751997694373 -4.44519905029893
-2.87330995686352 -1.70041321904949
1.33476776443422 7.64346302906912
-3.78499380871654 5.68783020690841
2.75548020191491 2.99601969198986
0.544787969440222 -0.173849688705891
-2.62513956613839 -4.6145508495596
-3.53608883172274 2.78028509250776
1.89176001399755 9.61961841302061
2.40193938277662 4.35052083076978
0.896734390407801 6.13735993496205
3.93971632048488 -4.69900604321326
2.44365077465773 5.20970674493209
0.510027285665274 6.09129629223466
-0.25434635579586 1.01068813440548
0.174422601237893 3.22302401095175
3.97010336257517 -5.5409130800898
1.57300192303956 6.96430699690924
0.353240057826042 4.06431632045309
2.34381460957229 6.20257855402767
3.06802816130221 0.593558997630167
-1.97575844451785 -5.53403246237901
-2.75451211445034 -1.47519850908668
1.86782600730658 7.27380578021249
2.01364965550601 6.72661141851104
2.68679454363883 3.38692510368593
-0.765073468908668 -1.86498943583405
3.95875349268317 -3.80571637265092
0.575886458158493 3.0115259044713
3.03878060169518 0.971841520376474
-1.04680900648236 -7.82007619841392
1.71510210819542 7.08393840607683
-2.1425906419754 -7.81855876073192
2.04751806892455 5.4426497855061
0.497178921476007 2.07335845047783
2.46673726849258 3.72325053441951
-2.66424812562764 -3.53706167167683
-3.32762787677348 1.54411816244338
-2.08215594850481 -7.86305265517351
3.03604480810463 0.648582624454002
0.476489374414086 5.22810259005532
-2.16183836013079 -8.22949217399091
0.53536537475884 5.76704709439702
1.18235459923744 5.2753582975928
-3.42146256193519 2.29285781116084
-2.66458136029541 -4.05189090747792
-3.25118172354996 0.67701990937796
3.64853964745998 -3.43450573707488
-3.42753175646067 1.85713295996451
-1.78323038853705 -8.58103313464586
3.0489380043 0.70267054584966
-2.80584368109703 -2.03578494135219
-3.41967405378819 2.51163620764321
-2.42952197417617 -3.42172691283117
2.0198277272284 5.21349194121354
-1.07014678791165 -6.34982293862405
0.695555631071329 7.55399324128652
-1.89828355610371 -8.77709550580689
3.545867908746 -3.67420346634158
-3.66500371322036 3.81279806902483
-0.413791745901108 -5.16986908049932
-2.4442980568856 -3.99168448495791
-3.44905220158398 3.26052478473764
-3.69217178039253 4.46157624434844
1.50594181381166 8.45363057575234
1.54080238007009 6.41750447616951
3.68460114486516 -2.31552649852803
-0.152725236490369 -4.99817241171736
-0.133003521710634 2.23368945388776
-1.12596891075373 -3.3238342453377
1.36237791180611 3.49206209800245
-1.01919250190258 -8.49057589374103
-2.00125849992037 -8.34474018126419
-2.78720442950726 -2.17083859822697
-3.69980457797647 4.4580207349996
-3.98354540206492 4.33315081112788
-3.8923813123256 6.12395559403005
-0.358304718509316 -4.52892413191693
2.51078275591135 2.57572067626314
-1.54777304083109 -8.94961424496175
3.31895514577627 -0.983064719867512
1.61674521863461 7.22947493500798
-1.5911633707583 -6.90475064630119
0.193192021921277 2.80344804323644
-0.795559514313936 -6.91260279878563
-3.97807001881301 6.53181657461088
-1.20654384978116 -8.01687116334174
1.46477176062763 5.89167931065976
1.50120957382023 4.93898666329663
-1.75672497414052 -7.87911166899155
3.84815781190991 -3.40614822378213
-0.506166249513626 -0.81331887511239
3.62662749178708 -3.33273279696642
-2.49948995187879 -4.85311559138768
3.63378838635981 -3.36559469405351
-2.85930921323597 -2.35716736470411
-0.40508921444416 -3.74052798366837
-0.933832284063101 -7.5230484561257
3.52300516888499 -2.71749858191511
0.324969597160816 0.852368113925314
-2.60454748570919 -3.74874177716044
0.896270273253322 6.8729773169017
-1.66406387463212 -6.10919484258826
-0.0799774397164583 -1.88542186974746
-1.8858750090003 -5.38237720693608
-2.90384033694863 -2.32847821195465
0.182674130424857 5.14704886143792
-1.56556263752282 -4.34168607144349
3.3983495272696 -1.49849445493723
-2.40876182727516 -4.34839492884407
-1.58304359577596 -8.92816520201533
1.45500841923058 3.58792844752732
2.63372622616589 4.16492381072094
2.84819095022976 2.03341544876367
2.50647325627506 5.79416441396345
0.0801255684345961 -1.61479032404793
-2.34643778577447 -6.24135980439824
2.20866960659623 4.63687184135927
-3.68190860189497 3.46482689624206
0.735701164230704 1.25092126255546
-4 7.82934353809002
-3.99199199199199 3.41104254097436
-3.98398398398398 3.29434998759345
-3.97597597597598 4.82124412007373
-3.96796796796797 4.22760380081047
-3.95995995995996 3.7779924688204
-3.95195195195195 8.13046872366134
-3.94394394394394 3.92913423393841
-3.93593593593594 6.38039763946552
-3.92792792792793 6.59469531896716
-3.91991991991992 4.36969945699842
-3.91191191191191 5.59811870344863
-3.9039039039039 2.935827744959
-3.8958958958959 4.3472675951694
-3.88788788788789 4.14848806933966
-3.87987987987988 5.24197431644976
-3.87187187187187 6.18134721666321
-3.86386386386386 3.17558047459871
-3.85585585585586 6.13996064196778
-3.84784784784785 6.41619989875991
-3.83983983983984 4.17988471430827
-3.83183183183183 2.8660325730533
-3.82382382382382 4.96076029433233
-3.81581581581582 4.47199128645879
-3.80780780780781 3.55035832794132
-3.7997997997998 6.11498904517864
-3.79179179179179 3.54535282430011
-3.78378378378378 4.40352874381742
-3.77577577577578 4.54957102987865
-3.76776776776777 2.70088607846299
-3.75975975975976 5.39124778650951
-3.75175175175175 5.68185717402671
-3.74374374374374 4.45739423793198
-3.73573573573574 4.95038301854782
-3.72772772772773 3.36031319918321
-3.71971971971972 3.5695970196156
-3.71171171171171 4.24810366723577
-3.7037037037037 3.99459327261423
-3.6956956956957 3.015883986529
-3.68768768768769 3.69055218872227
-3.67967967967968 4.57474246634493
-3.67167167167167 2.97052088827392
-3.66366366366366 3.10204708473119
-3.65565565565566 2.60318921754543
-3.64764764764765 3.96031620898455
-3.63963963963964 2.74382804627405
-3.63163163163163 3.71709835710334
-3.62362362362362 2.55322390068974
-3.61561561561562 2.47555920014216
-3.60760760760761 3.08629573247682
-3.5995995995996 2.25423027634101
-3.59159159159159 4.02396097649251
-3.58358358358358 3.1832840942209
-3.57557557557558 2.73153412204231
-3.56756756756757 2.00206477871528
-3.55955955955956 1.35995994216016
-3.55155155155155 3.69919933646687
-3.54354354354354 3.81903140132158
-3.53553553553554 3.1794424647075
-3.52752752752753 2.08025709782463
-3.51951951951952 3.37955657140934
-3.51151151151151 2.97981056387007
-3.5035035035035 1.7648202255259
-3.4954954954955 3.37069505632241
-3.48748748748749 1.48760770798473
-3.47947947947948 1.35503785590921
-3.47147147147147 2.52955595857912
-3.46346346346346 1.67554153515481
-3.45545545545546 1.1667269783603
-3.44744744744745 1.50519763109286
-3.43943943943944 3.35865016118763
-3.43143143143143 2.22041795876831
-3.42342342342342 1.38048042899873
-3.41541541541542 1.70586688609715
-3.40740740740741 2.00626622896088
-3.3993993993994 1.66270295895785
-3.39139139139139 1.86480485055407
-3.38338338338338 1.58230804452771
-3.37537537537538 1.92376297335972
-3.36736736736737 1.84398467873465
-3.35935935935936 1.81814175369142
-3.35135135135135 1.39922203374099
-3.34334334334334 0.923785681078513
-3.33533533533534 1.8937761478583
-3.32732732732733 1.15993321736067
-3.31931931931932 1.10939977048671
-3.31131131131131 1.80874314888285
-3.3033033033033 1.36138885990874
-3.2952952952953 1.04888349414753
-3.28728728728729 1.17017288104982
-3.27927927927928 1.03258657174796
-3.27127127127127 0.935617512752529
-3.26326326326326 0.764261530968815
-3.25525525525526 1.008060386983
-3.24724724724725 0.848116367272991
-3.23923923923924 0.656008473611725
-3.23123123123123 0.730315931877999
-3.22322322322322 0.569354586087395
-3.21521521521522 0.536988323677802
-3.20720720720721 0.603054447547034
-3.1991991991992 0.434590900539967
-3.19119119119119 0.37493313067601
-3.18318318318318 0.341182677078418
-3.17517517517518 0.210088646860788
-3.16716716716717 0.136916721593734
-3.15915915915916 0.154624987423871
-3.15115115115115 0.0853591124254983
-3.14314314314314 0.0126616471157007
-3.13513513513514 -0.0346394455659195
-3.12712712712713 -0.0707074841316056
-3.11911911911912 -0.175050462775107
-3.11111111111111 -0.150618640285997
-3.1031031031031 -0.260581849049307
-3.0950950950951 -0.488816677201676
-3.08708708708709 -0.339888262900528
-3.07907907907908 -0.404823677013273
-3.07107107107107 -0.862212058416525
-3.06306306306306 -0.67008558882802
-3.05505505505506 -0.745067630001384
-3.04704704704705 -0.709876708857871
-3.03903903903904 -0.762284972947697
-3.03103103103103 -0.701385765859451
-3.02302302302302 -0.747160965874011
-3.01501501501502 -1.25805393733272
-3.00700700700701 -0.959952885193014
-2.998998998999 -1.12687266291215
-2.99099099099099 -0.988855250354676
-2.98298298298298 -1.14769743554582
-2.97497497497497 -1.43387821388526
-2.96696696696697 -1.37650144364297
-2.95895895895896 -1.10991788284649
-2.95095095095095 -1.46513233216845
-2.94294294294294 -1.45452451305959
-2.93493493493493 -1.87809664570976
-2.92692692692693 -1.50462021222255
-2.91891891891892 -1.44643748159068
-2.91091091091091 -2.05102414850701
-2.9029029029029 -0.907528736377691
-2.89489489489489 -0.9684301251985
-2.88688688688689 -1.64284393019641
-2.87887887887888 -1.49104876718084
-2.87087087087087 -2.51327047470276
-2.86286286286286 -1.94189723237185
-2.85485485485485 -1.81827251510351
-2.84684684684685 -2.32342433469576
-2.83883883883884 -3.16593839748831
-2.83083083083083 -2.22323721983915
-2.82282282282282 -2.34285833118062
-2.81481481481481 -2.36707795765385
-2.80680680680681 -2.28524964060957
-2.7987987987988 -2.02518023598503
-2.79079079079079 -2.20267889217073
-2.78278278278278 -1.83431321559478
-2.77477477477477 -2.46244134391926
-2.76676676676677 -2.34256366933837
-2.75875875875876 -2.74155385536017
-2.75075075075075 -2.54637292620103
-2.74274274274274 -3.70882330383142
-2.73473473473473 -3.44426586335159
-2.72672672672673 -3.03224254838206
-2.71871871871872 -2.40866597920506
-2.71071071071071 -3.6861054248981
-2.7027027027027 -3.41379409286493
-2.69469469469469 -1.97755271232803
-2.68668668668669 -2.68056668695684
-2.67867867867868 -3.92481915395139
-2.67067067067067 -2.92636360086347
-2.66266266266266 -2.8617468088949
-2.65465465465465 -2.91243785358591
-2.64664664664665 -2.58039951486356
-2.63863863863864 -2.96421296823705
-2.63063063063063 -4.80583866777413
-2.62262262262262 -3.74088066741458
-2.61461461461461 -3.10424693734866
-2.60660660660661 -3.38197744861554
-2.5985985985986 -3.9525072994171
-2.59059059059059 -3.49107742685427
-2.58258258258258 -3.32466998706423
-2.57457457457457 -2.29155404778924
-2.56656656656657 -3.37832430142201
-2.55855855855856 -4.62558455589613
-2.55055055055055 -2.72160021021559
-2.54254254254254 -3.73485544980102
-2.53453453453453 -4.44474998154718
-2.52652652652653 -3.2158019724201
-2.51851851851852 -3.23593236375244
-2.51051051051051 -3.32682739404884
-2.5025025025025 -3.70167319751445
-2.49449449449449 -6.13348707531003
-2.48648648648649 -3.34571075242014
-2.47847847847848 -3.83516231369738
-2.47047047047047 -5.91916465035502
-2.46246246246246 -4.84781514893944
-2.45445445445445 -3.36185537593857
-2.44644644644645 -6.12907375824258
-2.43843843843844 -4.52482916257574
-2.43043043043043 -4.93670189233423
-2.42242242242242 -3.19294193624763
-2.41441441441441 -2.66998067230619
-2.40640640640641 -4.18126168155632
-2.3983983983984 -3.88021927273344
-2.39039039039039 -6.22857020038958
-2.38238238238238 -4.86942049600916
-2.37437437437437 -4.77146400910967
-2.36636636636637 -5.76755363278308
-2.35835835835836 -5.95098549104151
-2.35035035035035 -4.88315349794101
-2.34234234234234 -3.02749882180904
-2.33433433433433 -3.66648301693771
-2.32632632632633 -3.73398423771616
-2.31831831831832 -6.28273007999713
-2.31031031031031 -5.12358941641236
-2.3023023023023 -7.30927949039932
-2.29429429429429 -5.42886339964225
-2.28628628628629 -6.61016629198699
-2.27827827827828 -3.96916590463146
-2.27027027027027 -5.02131495546174
-2.26226226226226 -7.48471740723409
-2.25425425425425 -8.49543795985197
-2.24624624624625 -3.70269259143681
-2.23823823823824 -5.35909701083821
-2.23023023023023 -5.04682066373497
-2.22222222222222 -6.76823558533424
-2.21421421421421 -5.11167452829004
-2.20620620620621 -5.50659254859662
-2.1981981981982 -6.82397170267453
-2.19019019019019 -5.77448733345291
-2.18218218218218 -5.67920144941389
-2.17417417417417 -5.76238691977465
-2.16616616616617 -5.25920345601273
-2.15815815815816 -6.04982739293736
-2.15015015015015 -9.1335609237679
-2.14214214214214 -6.09610930475463
-2.13413413413413 -4.28072523605194
-2.12612612612613 -7.48634930971308
-2.11811811811812 -6.73351003072946
-2.11011011011011 -6.6646231089704
-2.1021021021021 -6.96114321323156
-2.09409409409409 -7.9464848939623
-2.08608608608609 -6.37873438867136
-2.07807807807808 -5.15598374081906
-2.07007007007007 -5.2045692806196
-2.06206206206206 -3.74463822749475
-2.05405405405405 -6.77111391877086
-2.04604604604605 -7.16686768531412
-2.03803803803804 -6.27792457141654
-2.03003003003003 -6.99224932358769
-2.02202202202202 -6.45985772717214
-2.01401401401401 -8.52692049232645
-2.00600600600601 -5.36595303439491
-1.997997997998 -5.86749186210866
-1.98998998998999 -7.75046344445895
-1.98198198198198 -8.04234548213618
-1.97397397397397 -5.99875003690368
-1.96596596596597 -7.37796691185206
-1.95795795795796 -8.62373389125242
-1.94994994994995 -7.12283822145754
-1.94194194194194 -7.33140177681724
-1.93393393393393 -4.81181132150713
-1.92592592592593 -7.48084993535564
-1.91791791791792 -6.80167745007947
-1.90990990990991 -8.91802552892696
-1.9019019019019 -5.00896248839763
-1.89389389389389 -6.34168097536545
-1.88588588588589 -9.88152422603566
-1.87787787787788 -7.42464525910418
-1.86986986986987 -4.39781077325149
-1.86186186186186 -5.07550038850326
-1.85385385385385 -5.87272157592784
-1.84584584584585 -5.87028115031077
-1.83783783783784 -6.63254511033139
-1.82982982982983 -6.36657051119625
-1.82182182182182 -8.8560832959392
-1.81381381381381 -4.02513913621137
-1.80580580580581 -5.43849283115384
-1.7977977977978 -8.03096259175943
-1.78978978978979 -7.42035574954876
-1.78178178178178 -6.60515100914361
-1.77377377377377 -7.95137258881363
-1.76576576576577 -10.6542009569094
-1.75775775775776 -7.54833569808172
-1.74974974974975 -6.26180480266532
-1.74174174174174 -8.12170316851394
-1.73373373373373 -9.16312768432289
-1.72572572572573 -6.25076800239026
-1.71771771771772 -3.99863292507182
-1.70970970970971 -10.5319578312339
-1.7017017017017 -7.96704468655311
-1.69369369369369 -11.2351289496709
-1.68568568568569 -6.119865052639
-1.67767767767768 -11.2743991035475
-1.66966966966967 -5.94696572556249
-1.66166166166166 -6.11044209720411
-1.65365365365365 -7.19516757233963
-1.64564564564565 -5.01094729555627
-1.63763763763764 -4.5246845089172
-1.62962962962963 -5.75267381729301
-1.62162162162162 -5.16419061194328
-1.61361361361361 -8.6879064696901
-1.60560560560561 -4.70703496808884
-1.5975975975976 -9.07696997889627
-1.58958958958959 -5.01603694663922
-1.58158158158158 -7.18470247616344
-1.57357357357357 -3.85372077945078
-1.56556556556557 -5.76983757030506
-1.55755755755756 -6.94493277203355
-1.54954954954955 -6.05680692100118
-1.54154154154154 -4.45897400523694
-1.53353353353353 -9.76845863294178
-1.52552552552553 -3.20021700622439
-1.51751751751752 -7.73534005219798
-1.50950950950951 -6.00658674841936
-1.5015015015015 -10.989323766782
-1.49349349349349 -7.57098221200879
-1.48548548548549 -7.6054130062769
-1.47747747747748 -4.70020632683945
-1.46946946946947 -8.03104947649021
-1.46146146146146 -4.77091522529333
-1.45345345345345 -5.07674589587685
-1.44544544544545 -9.34245375722673
-1.43743743743744 -2.88794379568808
-1.42942942942943 -10.4205054982827
-1.42142142142142 -10.5703821518045
-1.41341341341341 -1.28926817757814
-1.40540540540541 -9.40036936164686
-1.3973973973974 -7.75015936399989
-1.38938938938939 -8.24878932451388
-1.38138138138138 -7.49485338700788
-1.37337337337337 -7.56566734278887
-1.36536536536537 -5.09398590689927
-1.35735735735736 -6.76240917418028
-1.34934934934935 -6.85790293548725
-1.34134134134134 -7.04262667704186
-1.33333333333333 -6.80276599419692
-1.32532532532533 -7.05066852349167
-1.31731731731732 -5.21596730358785
-1.30930930930931 -6.96457260830625
-1.3013013013013 -5.08021050590496
-1.29329329329329 -6.80532475843029
-1.28528528528529 -4.72380383131855
-1.27727727727728 -4.99282502244097
-1.26926926926927 -9.00465813193019
-1.26126126126126 -9.43464554376094
-1.25325325325325 -10.3724128198574
-1.24524524524525 -9.48549369077625
-1.23723723723724 -13.9933456231047
-1.22922922922923 -2.48211799569418
-1.22122122122122 -4.07513056220159
-1.21321321321321 -8.64607872447787
-1.20520520520521 -7.84039198613437
-1.1971971971972 -1.87999668220082
-1.18918918918919 -10.4458714031124
-1.18118118118118 -6.53014215661139
-1.17317317317317 -9.90626798928784
-1.16516516516517 -5.34298663251331
-1.15715715715716 -2.5472488184245
-1.14914914914915 -4.57743729146009
-1.14114114114114 -5.23160327636708
-1.13313313313313 -8.42421313083489
-1.12512512512513 -2.72340167268258
-1.11711711711712 -5.91187777525284
-1.10910910910911 -3.2343696719655
-1.1011011011011 -4.57221988365931
-1.09309309309309 -7.17766390708393
-1.08508508508509 -4.95061952686981
-1.07707707707708 -6.12221064360996
-1.06906906906907 -4.53018400858844
-1.06106106106106 -11.4464469985606
-1.05305305305305 -7.13182339693663
-1.04504504504505 -9.56985118188405
-1.03703703703704 -5.0517905071368
-1.02902902902903 -8.81423651763775
-1.02102102102102 -9.05227068363779
-1.01301301301301 -7.13925017640644
-1.00500500500501 -7.70097461021124
-0.996996996996997 -7.23664360033672
-0.988988988988989 -5.06029583842591
-0.980980980980981 -5.98239330021335
-0.972972972972973 -5.16122156474946
-0.964964964964965 -8.96710263749043
-0.956956956956957 -4.85983781428605
-0.948948948948949 -7.57050041093558
-0.940940940940941 -5.94639795216519
-0.932932932932933 -8.44155786639851
-0.924924924924925 -4.73135318626664
-0.916916916916917 -4.14260041668653
-0.908908908908909 -5.20345601413939
-0.900900900900901 -5.19412813239134
-0.892892892892893 -2.30997223203106
-0.884884884884885 -3.94178090982426
-0.876876876876877 -3.00540759361618
-0.868868868868869 -6.36321490379377
-0.860860860860861 -5.93831562081238
-0.852852852852853 -3.24976347231845
-0.844844844844845 -4.80319944879734
-0.836836836836837 -4.14080563740032
-0.828828828828829 0.597822080627649
-0.820820820820821 -2.46030347476506
-0.812812812812813 -3.21482930830583
-0.804804804804805 1.15775031377674
-0.796796796796797 -7.47730174782667
-0.788788788788789 -2.74235351058567
-0.780780780780781 -6.46632330807821
-0.772772772772773 -3.92028060450375
-0.764764764764765 -8.94387611633324
-0.756756756756757 -7.87780896345245
-0.748748748748749 -1.79319912819846
-0.740740740740741 -8.80971662373004
-0.732732732732733 -8.26850460610279
-0.724724724724725 -3.57089031916939
-0.716716716716717 -6.12711902402923
-0.708708708708709 -7.30321908898654
-0.700700700700701 -7.44464615848415
-0.692692692692693 -5.83881226857569
-0.684684684684685 -1.72529417017227
-0.676676676676677 -5.25127719782266
-0.668668668668669 -2.22693495276322
-0.660660660660661 -7.81488017356424
-0.652652652652653 -3.98246274759395
-0.644644644644645 -3.7649934631502
-0.636636636636636 -3.79470363479166
-0.628628628628629 -6.65998199990037
-0.620620620620621 -3.97277169029764
-0.612612612612613 -1.85019649430586
-0.604604604604605 -4.02589408170256
-0.596596596596596 -2.74984545139496
-0.588588588588589 -1.8787192962406
-0.580580580580581 0.00409217844922427
-0.572572572572573 -3.9671772306683
-0.564564564564565 -7.50558288237835
-0.556556556556556 -1.25229749031689
-0.548548548548549 0.383405014926335
-0.54054054054054 -3.59449849155815
-0.532532532532533 -6.27260521621467
-0.524524524524525 -7.45860579171176
-0.516516516516516 -5.81839566616482
-0.508508508508509 -3.02346044673646
-0.5005005005005 -2.8795556829592
-0.492492492492492 -2.59211176982237
-0.484484484484485 -3.80627305964894
-0.476476476476476 -5.03036107719921
-0.468468468468469 -7.0574329467921
-0.46046046046046 -0.473641439430065
-0.452452452452452 -2.0186441679635
-0.444444444444445 -7.25842431169485
-0.436436436436436 -2.56266961150373
-0.428428428428429 -3.05862739283661
-0.42042042042042 0.0273708470832736
-0.412412412412412 -7.06343241718924
-0.404404404404405 -7.58419746435111
-0.396396396396396 -3.02640647476309
-0.388388388388389 -0.128963578350633
-0.38038038038038 -2.77974680581299
-0.372372372372372 -6.34902948269409
-0.364364364364365 -0.260367567981601
-0.356356356356356 7.20923426192075
-0.348348348348348 -6.06545477113973
-0.34034034034034 -0.683226199547428
-0.332332332332332 -1.23485749471406
-0.324324324324325 -6.39206821821437
-0.316316316316316 2.48303891361604
-0.308308308308308 -3.33566454028509
-0.3003003003003 -7.16262315273563
-0.292292292292292 -4.29999570226985
-0.284284284284285 -5.01874994639557
-0.276276276276276 1.5823229251361
-0.268268268268268 -7.57778140655132
-0.26026026026026 0.0701630658046055
-0.252252252252252 1.87437762667854
-0.244244244244244 2.93561090194217
-0.236236236236236 -5.11941411307791
-0.228228228228228 3.85673840457078
-0.22022022022022 3.0341647835828
-0.212212212212212 1.94019988509135
-0.204204204204204 0.819017913364974
-0.196196196196196 -6.27058967770973
-0.188188188188188 -2.38399370844589
-0.18018018018018 -0.532574704938736
-0.172172172172172 3.34544101697454
-0.164164164164164 -1.11137350428942
-0.156156156156156 -0.357458038820789
-0.148148148148148 -2.61910413573101
-0.14014014014014 1.49748797991387
-0.132132132132132 0.427459021573972
-0.124124124124124 -1.95654808047193
-0.116116116116116 -1.53678322766765
-0.108108108108108 7.43796938498409
-0.1001001001001 -0.69411519399142
-0.0920920920920922 -2.93309956604883
-0.084084084084084 -0.859068686298909
-0.0760760760760761 -1.93851032556169
-0.0680680680680683 -1.42989569884161
-0.06006006006006 -2.52757831111238
-0.0520520520520522 -5.24274247240597
-0.0440440440440439 4.35930261399269
-0.0360360360360361 3.07879994723033
-0.0280280280280278 2.12620923013126
-0.02002002002002 1.38149165535518
-0.0120120120120122 -1.34295045616599
-0.00400400400400391 -1.61348852965031
0.00400400400400436 -4.24760875277377
0.0120120120120122 5.28295728006187
0.02002002002002 5.12243659757361
0.0280280280280278 -2.36388637078541
0.0360360360360357 1.05923443688129
0.0440440440440444 -2.27407616084968
0.0520520520520522 -4.18759980955568
0.06006006006006 0.369001257366786
0.0680680680680679 -1.57570216616474
0.0760760760760757 1.01134494868586
0.0840840840840844 -0.204045264458555
0.0920920920920922 2.67723520675044
0.1001001001001 1.51328637819333
0.108108108108108 4.62255553467309
0.116116116116116 -1.83584257934591
0.124124124124124 -1.59012552822031
0.132132132132132 0.690221272080429
0.14014014014014 4.66945028944072
0.148148148148148 -1.9144483784285
0.156156156156156 2.49184068613136
0.164164164164164 -1.91996217366283
0.172172172172172 4.04779219572458
0.18018018018018 -0.553965354961915
0.188188188188188 1.19755535324582
0.196196196196196 7.40576311874211
0.204204204204204 2.10854781781384
0.212212212212212 -2.16716713886941
0.22022022022022 3.49653760531656
0.228228228228228 1.15804251386301
0.236236236236236 1.14648980224712
0.244244244244245 -1.56945595426519
0.252252252252252 -4.19582769797594
0.26026026026026 -2.6559749335924
0.268268268268268 4.01850287686564
0.276276276276276 3.42010342921896
0.284284284284285 0.58758120340654
0.292292292292292 -1.71129572950149
0.3003003003003 1.26739188281377
0.308308308308308 -1.23648926994564
0.316316316316316 1.19210670743398
0.324324324324325 -5.93505042691078
0.332332332332332 6.89003310192952
0.34034034034034 2.84443588281889
0.348348348348348 7.50856502591307
0.356356356356356 3.99519945809478
0.364364364364365 0.367563282309705
0.372372372372372 0.580050936035928
0.38038038038038 4.03707563013488
0.388388388388388 4.2110559121519
0.396396396396397 5.76714409925422
0.404404404404405 -3.26535102926084
0.412412412412412 5.63498537924445
0.42042042042042 -0.0281649881068522
0.428428428428428 -1.54567977949384
0.436436436436437 5.55988588455858
0.444444444444445 3.73588773368688
0.452452452452452 3.00947761823813
0.46046046046046 3.61890355984801
0.468468468468468 -3.13956253729762
0.476476476476477 2.24033170082626
0.484484484484485 3.71935470214806
0.492492492492492 6.74124344605993
0.5005005005005 0.595746001571456
0.508508508508508 3.55447641209117
0.516516516516517 0.238026185385068
0.524524524524525 2.83637576047935
0.532532532532533 6.20730074533803
0.54054054054054 7.97155530036958
0.548548548548548 -2.4748929623368
0.556556556556557 2.10788617091151
0.564564564564565 9.12190555980052
0.572572572572573 1.18470903315949
0.58058058058058 4.78898993283126
0.588588588588588 1.77834754288464
0.596596596596597 0.510940615993519
0.604604604604605 3.86593656425134
0.612612612612613 3.67410887709035
0.62062062062062 7.68006120002248
0.628628628628628 1.64941042967292
0.636636636636637 6.15159468969266
0.644644644644645 1.16325593738141
0.652652652652653 3.0922094725685
0.66066066066066 4.20420180244084
0.668668668668668 0.537372280846879
0.676676676676677 5.12683525565177
0.684684684684685 8.57040761004176
0.692692692692693 3.61182786661933
0.7007007007007 7.64031801962942
0.708708708708708 5.22762462135397
0.716716716716717 2.03889630169024
0.724724724724725 9.12432236249023
0.732732732732733 3.96502369196374
0.74074074074074 3.80665019937004
0.748748748748748 6.82955300744506
0.756756756756757 5.09553843077027
0.764764764764765 4.8175475240389
0.772772772772773 7.6112528914142
0.780780780780781 6.502737968402
0.788788788788788 9.1148154418886
0.796796796796797 4.60048552096695
0.804804804804805 6.79685483573672
0.812812812812813 5.35675024236139
0.820820820820821 5.84972601073076
0.828828828828828 4.21661692708973
0.836836836836837 10.4153857325738
0.844844844844845 2.48227115342993
0.852852852852853 4.80570278098072
0.860860860860861 2.24223759180186
0.868868868868869 2.5105012825855
0.876876876876877 2.39567705514663
0.884884884884885 3.77993643541161
0.892892892892893 4.31668523478838
0.900900900900901 2.99645589431595
0.908908908908909 3.50678066287207
0.916916916916917 4.78811119770323
0.924924924924925 2.97186266885467
0.932932932932933 9.69451856988098
0.940940940940941 6.67261685685945
0.948948948948949 3.9716848747468
0.956956956956957 4.77996949349889
0.964964964964965 2.80900683238039
0.972972972972973 11.1112036342864
0.980980980980981 5.70611166337705
0.988988988988989 7.7592734115955
0.996996996996997 5.11337446816948
1.00500500500501 10.2026370596486
1.01301301301301 5.85065587660426
1.02102102102102 4.42687809220449
1.02902902902903 5.25813255692793
1.03703703703704 6.40221096117638
1.04504504504505 5.57726903541237
1.05305305305305 7.70270285389816
1.06106106106106 9.33952690658787
1.06906906906907 2.92655481289906
1.07707707707708 6.51914266488388
1.08508508508509 5.5614139278114
1.09309309309309 4.65521195095897
1.1011011011011 5.82807357034815
1.10910910910911 7.13798989032067
1.11711711711712 6.62416945602781
1.12512512512513 5.9598061834509
1.13313313313313 2.51844487253869
1.14114114114114 7.72309205651684
1.14914914914915 7.8497670042866
1.15715715715716 7.6749191135063
1.16516516516517 7.5122977377138
1.17317317317317 5.32368891541901
1.18118118118118 7.85230211213361
1.18918918918919 13.6968516335589
1.1971971971972 5.48692284066138
1.20520520520521 8.14626472141706
1.21321321321321 6.2261121166886
1.22122122122122 5.99825896828223
1.22922922922923 7.41790284775693
1.23723723723724 9.07313006988699
1.24524524524525 6.67172683653282
1.25325325325325 4.06550573879983
1.26126126126126 4.44493433313306
1.26926926926927 6.33344727932102
1.27727727727728 3.0581732263292
1.28528528528529 10.8407664836316
1.29329329329329 11.1031383546676
1.3013013013013 8.28857069460247
1.30930930930931 5.53354634978114
1.31731731731732 4.07484841711422
1.32532532532533 10.8200639498891
1.33333333333333 7.358794805639
1.34134134134134 6.69520660203248
1.34934934934935 6.54638365848375
1.35735735735736 4.05587177847864
1.36536536536537 4.66353980842645
1.37337337337337 4.52712365298659
1.38138138138138 4.03489059440707
1.38938938938939 7.82557644431929
1.3973973973974 8.72784589346249
1.40540540540541 3.81619171898584
1.41341341341341 4.69840232040547
1.42142142142142 5.28113071423837
1.42942942942943 5.45550723510671
1.43743743743744 7.07499185159676
1.44544544544545 5.22203512388075
1.45345345345345 8.13586015068284
1.46146146146146 5.4208461753936
1.46946946946947 6.67596547012081
1.47747747747748 8.68495801934655
1.48548548548549 8.69506101756408
1.49349349349349 5.32688454838822
1.5015015015015 7.83539952730325
1.50950950950951 3.53151948096919
1.51751751751752 7.55840822736565
1.52552552552553 6.91789902921259
1.53353353353353 7.69939517846203
1.54154154154154 6.91260813353755
1.54954954954955 2.41754998789282
1.55755755755756 7.8997989014076
1.56556556556557 4.33522836085779
1.57357357357357 6.65773265398351
1.58158158158158 5.65151526635743
1.58958958958959 7.51865950700623
1.5975975975976 8.50473484716844
1.60560560560561 5.60548849455429
1.61361361361361 6.02696976870677
1.62162162162162 4.56158870141246
1.62962962962963 3.18686684312999
1.63763763763764 4.53636094807194
1.64564564564565 5.94844391295029
1.65365365365365 6.14086068902742
1.66166166166166 8.58513774506495
1.66966966966967 6.23318743278772
1.67767767767768 5.06014658360838
1.68568568568569 6.21967032182315
1.69369369369369 6.68939193878104
1.7017017017017 7.48289857654183
1.70970970970971 8.65228012868904
1.71771771771772 8.84189696944875
1.72572572572573 8.26341955832088
1.73373373373373 2.58478107282478
1.74174174174174 4.30212210122161
1.74974974974975 6.7643165597482
1.75775775775776 5.38997775202444
1.76576576576577 4.76498230083974
1.77377377377377 5.5035375277871
1.78178178178178 7.99315780173205
1.78978978978979 7.739447211827
1.7977977977978 9.00725063136218
1.80580580580581 6.78117833797337
1.81381381381381 4.37937862782405
1.82182182182182 9.68867992621863
1.82982982982983 5.378380197169
1.83783783783784 7.01054680667003
1.84584584584585 6.70199534398551
1.85385385385385 7.32994153491715
1.86186186186186 4.71717843871418
1.86986986986987 4.00762975659586
1.87787787787788 7.69176247357432
1.88588588588589 5.90727716179042
1.89389389389389 3.35438870462415
1.9019019019019 4.38518228660383
1.90990990990991 7.49184883559302
1.91791791791792 6.51341635716313
1.92592592592593 4.99818238456529
1.93393393393393 7.59118763082504
1.94194194194194 6.87370325399899
1.94994994994995 6.53334151656324
1.95795795795796 8.7288951928824
1.96596596596597 5.40998884213857
1.97397397397397 6.69960805609141
1.98198198198198 8.92943481247871
1.98998998998999 6.08532396882053
1.997997997998 9.60893583989768
2.00600600600601 6.66952408101655
2.01401401401401 6.74521712361517
2.02202202202202 8.76132465920049
2.03003003003003 6.3305155669374
2.03803803803804 4.59150685954538
2.04604604604605 3.65787297411326
2.05405405405405 5.44445222615255
2.06206206206206 4.92863585699012
2.07007007007007 5.04893207128723
2.07807807807808 7.87953924736134
2.08608608608609 7.68287307888052
2.09409409409409 6.59928012831972
2.1021021021021 6.49839312149242
2.11011011011011 3.94712993298275
2.11811811811812 8.26224501795426
2.12612612612613 6.13084276270384
2.13413413413413 4.22799544999062
2.14214214214214 7.88511394350547
2.15015015015015 8.13990023271656
2.15815815815816 7.6660446268202
2.16616616616617 6.44564668266692
2.17417417417417 4.36020871758161
2.18218218218218 3.81697363570182
2.19019019019019 7.8311257944732
2.1981981981982 6.20209957528961
2.20620620620621 5.15875969099841
2.21421421421421 4.66489970244587
2.22222222222222 6.92164612686468
2.23023023023023 4.31909827611947
2.23823823823824 6.84792211030043
2.24624624624625 6.87192273987267
2.25425425425425 5.15861054025047
2.26226226226226 6.01231473907136
2.27027027027027 6.86601406148191
2.27827827827828 5.90757485250717
2.28628628628629 5.39992713423709
2.29429429429429 3.61532136890712
2.3023023023023 4.55089287499089
2.31031031031031 5.9388323152016
2.31831831831832 4.26871977701864
2.32632632632633 6.81976950127825
2.33433433433433 7.30829149155398
2.34234234234234 4.70719479171808
2.35035035035035 5.42911001335468
2.35835835835836 5.36916676142373
2.36636636636637 4.7845853379223
2.37437437437437 5.04276015704224
2.38238238238238 4.50242091571332
2.39039039039039 3.58972508326245
2.3983983983984 6.10023722347679
2.40640640640641 5.28496580780486
2.41441441441441 3.94870116983837
2.42242242242242 4.68756287328935
2.43043043043043 5.12565624831354
2.43843843843844 2.72217868165781
2.44644644644645 4.59506120555461
2.45445445445445 3.1884954679906
2.46246246246246 3.94793563287228
2.47047047047047 2.77641312545964
2.47847847847848 2.71756634040269
2.48648648648649 2.18225620771621
2.49449449449449 4.83773327413759
2.5025025025025 5.98473356633044
2.51051051051051 5.21628840614066
2.51851851851852 3.22710793865043
2.52652652652653 3.40450632365588
2.53453453453453 5.09238780083494
2.54254254254254 2.16707119066927
2.55055055055055 3.3995453740255
2.55855855855856 3.65762310763827
2.56656656656657 2.3830862284912
2.57457457457457 5.05265071529705
2.58258258258258 4.0616999253097
2.59059059059059 4.63561178528949
2.5985985985986 3.34151593411824
2.60660660660661 3.65183430031552
2.61461461461461 3.73249713299735
2.62262262262262 4.60610335614658
2.63063063063063 4.61935849701658
2.63863863863864 2.90938609594888
2.64664664664665 4.13358681399334
2.65465465465465 3.62320267547182
2.66266266266266 3.82853919294851
2.67067067067067 2.19117860568203
2.67867867867868 2.94050231178499
2.68668668668669 4.00036558698958
2.69469469469469 3.11682441760243
2.7027027027027 3.03140753325686
2.71071071071071 2.52658094872468
2.71871871871872 3.55459545863243
2.72672672672673 2.85431034620419
2.73473473473473 2.86986477700631
2.74274274274274 2.2770498249178
2.75075075075075 3.35475390855043
2.75875875875876 2.63492009932774
2.76676676676677 3.21068232972347
2.77477477477477 2.46667037093123
2.78278278278278 2.49174645987097
2.79079079079079 2.50250410125525
2.7987987987988 2.11295302504162
2.80680680680681 1.33273397072186
2.81481481481481 1.87537289345813
2.82282282282282 1.78632610808779
2.83083083083083 2.01232490181498
2.83883883883884 1.66351382788293
2.84684684684685 1.95972537760422
2.85485485485485 1.94509205716114
2.86286286286286 2.59794114683034
2.87087087087087 1.78926517729008
2.87887887887888 2.57092253232038
2.88688688688689 1.79525012307652
2.89489489489489 1.74080001623408
2.9029029029029 1.81914240566391
2.91091091091091 1.63447400791354
2.91891891891892 1.24004988899661
2.92692692692693 1.62410807418836
2.93493493493493 1.7625901203592
2.94294294294294 1.53701105725643
2.95095095095095 1.3473468122237
2.95895895895896 1.05252040179774
2.96696696696697 1.47689268470612
2.97497497497497 1.26306374626319
2.98298298298298 1.01790334596148
2.99099099099099 0.911884738521168
2.998998998999 0.946910407779002
3.00700700700701 1.09000019324069
3.01501501501502 0.802726714226276
3.02302302302302 0.97903511284205
3.03103103103103 0.566956583590541
3.03903903903904 0.851794125997361
3.04704704704705 0.649254065603455
3.05505505505506 0.782268816754722
3.06306306306306 0.60121272093663
3.07107107107107 0.560155535026941
3.07907907907908 0.289545943356698
3.08708708708709 0.364251498286751
3.0950950950951 0.321190876402027
3.1031031031031 0.173649133704249
3.11111111111111 0.150643943212377
3.11911911911912 0.160185727676576
3.12712712712713 0.0741336262922324
3.13513513513514 0.0388614898336291
3.14314314314314 -0.00917597568532753
3.15115115115115 -0.055702123352666
3.15915915915916 -0.13343282616611
3.16716716716717 -0.180621836050992
3.17517517517518 -0.189616440690918
3.18318318318318 -0.341682982363431
3.19119119119119 -0.376366220870171
3.1991991991992 -0.296579306481928
3.20720720720721 -0.449799466316921
3.21521521521522 -0.669521360175124
3.22322322322322 -0.609635006107033
3.23123123123123 -0.829629441320675
3.23923923923924 -0.788461745472206
3.24724724724725 -0.940068548212099
3.25525525525526 -0.958493628191563
3.26326326326326 -1.00453203949161
3.27127127127127 -0.998139174490179
3.27927927927928 -0.61112374269285
3.28728728728729 -0.996914117751768
3.2952952952953 -1.4805231813068
3.3033033033033 -1.60574292931507
3.31131131131131 -1.40889861703149
3.31931931931932 -0.832624662073579
3.32732732732733 -0.828282766658971
3.33533533533534 -1.62296114086163
3.34334334334334 -1.15719586633689
3.35135135135135 -1.07111082918127
3.35935935935936 -1.88798325632936
3.36736736736737 -2.18179269310468
3.37537537537538 -1.97054460754366
3.38338338338338 -1.9375834979321
3.39139139139139 -1.91597705102781
3.3993993993994 -1.05326861048415
3.40740740740741 -1.83819074012184
3.41541541541542 -1.83047646114273
3.42342342342342 -1.99327231391173
3.43143143143143 -2.35693649832124
3.43943943943944 -2.49537105876304
3.44744744744745 -1.4230643199191
3.45545545545546 -2.30261560172334
3.46346346346346 -2.03271707455018
3.47147147147147 -2.87009042903928
3.47947947947948 -1.89529856375218
3.48748748748749 -2.64175360608911
3.4954954954955 -2.30407573754065
3.5035035035035 -2.5503492696739
3.51151151151151 -3.6666521488577
3.51951951951952 -1.8518416783001
3.52752752752753 -2.04269170605683
3.53553553553554 -3.16917824509574
3.54354354354354 -2.64548777349056
3.55155155155155 -3.43168041271755
3.55955955955956 -2.3213815579994
3.56756756756757 -2.46662430962372
3.57557557557558 -4.42057666565965
3.58358358358358 -3.99300299059112
3.59159159159159 -3.61690950903321
3.5995995995996 -3.04055773730692
3.60760760760761 -3.9651645100649
3.61561561561562 -2.72816190800062
3.62362362362362 -3.33292715306048
3.63163163163163 -3.26286208048272
3.63963963963964 -4.01750504932668
3.64764764764765 -2.94257065610934
3.65565565565566 -3.30852504468741
3.66366366366366 -3.48180094891246
3.67167167167167 -3.64316987474152
3.67967967967968 -4.10828974646442
3.68768768768769 -4.62425686979383
3.6956956956957 -4.47704002401238
3.7037037037037 -5.55343303851813
3.71171171171171 -3.4595227390829
3.71971971971972 -3.14516408079847
3.72772772772773 -4.8474999099669
3.73573573573574 -3.32012401465347
3.74374374374374 -4.68203802334809
3.75175175175175 -4.29104226955451
3.75975975975976 -4.47157788211664
3.76776776776777 -6.5273081593441
3.77577577577578 -3.70755528811924
3.78378378378378 -4.30617889097327
3.79179179179179 -3.93104722276952
3.7997997997998 -1.91997373090929
3.80780780780781 -4.17993950549567
3.81581581581582 -2.34271575254416
3.82382382382382 -3.97772072921741
3.83183183183183 -3.55455494399123
3.83983983983984 -5.37942129697944
3.84784784784785 -3.98624580538537
3.85585585585586 -5.33444396966911
3.86386386386386 -5.30901713947581
3.87187187187187 -5.16034225496679
3.87987987987988 -4.55095752554271
3.88788788788789 -5.38280626486475
3.8958958958959 -5.4928914932412
3.9039039039039 -3.33995376253506
3.91191191191191 -5.21120242823628
3.91991991991992 -6.49461727649667
3.92792792792793 -6.3583129290826
3.93593593593594 -6.35519525667268
3.94394394394394 -4.38154841779658
3.95195195195195 -4.78973878252049
3.95995995995996 -6.62331797742308
3.96796796796797 -5.61492820829575
3.97597597597598 -5.26848370694199
3.98398398398398 -4.11355809735129
3.99199199199199 -2.9333830555279
4 -4.13711454287997
