-0.239464747719467 9.48591612858218
-0.405928415246308 9.58129935920249
1.15366786904633 4.17969450729597
0.10229273699224 -0.167717840771775
-1.5293221399188 0.446354770123466
-0.350219176150858 -2.84596069926918
0.666534397751093 7.52658361454694
-0.194058305583894 -3.80799256980592
0.343189107254148 3.37700243682436
0.820619781501591 6.60757627929143
1.32718961406499 4.35931972270093
-0.0680870991200209 10.800395850216
-1.76085208915174 -0.598210961308277
1.24319699406624 2.38004840634626
0.828278251923621 7.92249319120875
1.67280587367713 -0.404032425287592
0.513827056623995 3.47658381773324
0.638578872196376 8.44929214453851
-0.750046490691602 -8.03494395184863
-0.215800668112934 -1.2957534710222
0.197466379031539 10.4246667013448
-0.756847553886473 6.89177252438206
-0.583099283277988 -4.89208767429565
0.0724022332578897 9.15360301425141
1.81002144608647 -4.10979602260725
0.534874780103564 4.97071801559134
0.478381465189159 4.75126240937617
0.0725553333759308 10.2578578090436
-0.206331110559404 8.95794084813932
0.128884420730174 11.7233028253324
-0.0979276187717915 -2.43453893461373
-1.12419601529837 5.40482863192409
-0.908556969836354 -7.82569684718237
1.16891241073608 4.36410410746123
0.424544243142009 2.96017045392513
0.880741315893829 7.21308517718393
-1.33449357654899 -7.34483617295465
0.914255890063941 5.83662683089844
0.302412169054151 2.44580691097929
-1.89327817969024 -10.4192110750534
-1.87590977735817 -8.04767507075547
0.481454108841717 4.8582460072933
-0.45811437536031 -4.97097092295585
-1.16195102129132 -10.8490004253617
1.46194924321026 9.47369799613121
-1.35937897209078 1.01022610475623
-0.633964798413217 -7.52670472173887
1.32152019627392 1.64143660661711
0.993832156062126 9.12668340356659
-0.246812795288861 8.91040944016416
1.92220870498568 -1.92588015654209
0.803280253894627 7.32847527297636
1.39081156626344 10.2422631988201
0.636159251444042 9.0433705514156
0.953484639525414 5.89194015837815
-1.43062902987003 0.30188761997832
1.12916530482471 3.94990646964518
1.15692080184817 9.80685786652274
-1.65570727735758 -0.125379015647524
1.587421676144 0.19208393739731
-1.28447356633842 3.29035919532051
0.776876068674028 5.73635125107321
1.91699886880815 -2.88133718258623
-1.69415629655123 -0.828258903590971
-0.803375036455691 -8.22759323061587
-0.00252408348023891 8.80861645387899
1.49315855745226 0.294876955824868
1.7072732988745 -1.2552907811935
0.74534641765058 6.79000368150309
-1.93020720034838 -2.59096539338806
-1.61113066319376 -10.522665483519
-0.238220186904073 -2.84708751399079
1.07221994642168 10.4183912166706
0.607353691011667 7.36106177892572
-0.795288506895304 6.01154435612563
-0.598194325342774 -4.94533581427004
-0.688846858218312 -5.51812457694928
1.51410091295838 -0.684401620474421
-0.842765824869275 4.86946905318229
1.88652903400362 8.79212760701839
1.37836695928127 11.1694977206963
-0.755917147733271 9.59636444183675
1.10610160697252 4.62859712559559
-0.627864448353648 8.29598686586248
0.787740861065686 8.39928529585718
-0.454646528698504 10.0681256408359
1.03685087524354 7.55989326328652
0.655760771594942 5.6578784016712
-1.8771934369579 -9.25695003085732
-1.92976670432836 -9.33662731794694
-0.0679950341582298 -2.35510607988459
-1.26538707781583 -8.23358033750661
-0.876620884053409 -7.78532270924852
0.398747127503157 8.28903617720859
-1.11169015523046 4.36222874235145
-1.48208357952535 0.208251977118742
-1.18204245250672 -8.57987516830958
1.31251080334187 1.53252529323895
-0.610078994184732 9.94404542901833
1.43986226338893 1.75293353400871
-1.16924248822033 3.57830799527494
0.255463424138725 9.12988165169173
-1.41161506064236 1.77478927338906
-0.0412416383624077 -0.173454220046026
-1.73173512797803 -9.98409116928651
-0.373336852528155 -2.91101564015784
1.87853696756065 8.15719964418561
-1.75633416883647 -10.376626527603
0.726097051054239 6.90436459717925
1.6083518601954 -0.208182779330495
0.16235500946641 3.05870815069859
-0.770870241336524 -6.93931333103323
1.67004012968391 -1.3745306608115
-0.788062407635152 -8.75935323767645
-1.38513956870884 -9.88180178640088
1.91243092156947 -3.15148706648148
0.0508227916434407 -0.547190633994549
1.77303866576403 11.3750127661513
1.36016037035733 9.16332150005298
-0.439893543720245 -3.74532090176867
-0.689421680755913 -5.35254455361839
1.64211545884609 11.8547132057197
-1.60557183716446 -9.49502829714324
-1.33752296026796 -10.1497800725658
-0.876633677631617 6.10373960523073
-1.49455526191741 -9.89810184862709
-1.08045453485101 -9.19503340266038
1.32468456961215 10.5556083527194
0.705746608786285 7.54043695519196
0.713168943300843 4.91986268451811
1.25093123316765 2.68313227616203
-1.93158553633839 -10.3304739608928
0.0318448776379228 1.41970489723568
-1.02238222490996 4.56308820410128
-0.579218740575016 -4.98490569517258
-0.750577452592552 -7.15851901576899
-1.95247064344585 -2.56079588635726
-0.436065963469446 -5.61391286954503
-0.380015263333917 11.0195750730816
1.03815451264381 10.7050702415127
1.00409756135195 4.56492664104807
-0.078962828963995 9.95878318158437
-1.32594467978925 0.885746811710664
1.05377845838666 4.20647080452459
0.408954838290811 4.05608836151058
-0.951483434066176 -7.76524397265849
0.349777841940522 5.00774140781294
1.05158350802958 9.09121513853882
-1.54569764062762 -0.260651046457382
-0.778327198699117 7.93769878260701
1.72406860906631 -1.26161534596059
1.44592177588493 1.91630797768133
0.812300179153681 6.69049646245167
-1.74201298970729 -1.73645048877882
1.19564602896571 2.28463735052879
-0.85019267257303 -8.2860247668972
-0.747378834523261 -7.25194418315053
-0.0662550870329142 9.97902187103616
1.73101801238954 0.208529148901461
-1.92755948938429 -9.25717755560316
-0.875307663343847 -9.42206758831155
1.19337766151875 2.63107225030828
0.310325797647238 2.33446023508713
-0.777230968698859 -7.63724829632509
-1.60945334658027 -10.7583709323709
-0.418375414796174 -4.92224044405722
-1.1379701513797 -8.12223198665635
-0.318605200387537 -3.59618811891216
-0.203896986320615 -1.97341932317495
-1.0688800541684 4.54422204320464
1.07169922441244 8.94771746983617
-1.54400570131838 1.88660482500056
-0.75218771956861 7.26857761399066
-1.80013313423842 -8.97242578108618
-0.949844656512141 7.12147832760017
-0.0203109113499522 9.33567035344168
-0.0323961190879345 10.6219568779294
1.28133571706712 2.92448989634714
-1.85171736124903 -2.35181149252692
-0.157356441952288 -2.2159161145596
-1.43421055469662 -9.82793313929829
0.848332715220749 9.57198001486753
-1.76758988853544 0.178819200049495
-0.301203461363912 9.38416729772006
1.4797091614455 9.45103289628942
-0.0247189113870263 -0.74455733323121
-0.201454538851976 -1.77696489752927
0.596077515743673 6.82384149914286
0.0842827437445521 9.12687831159764
0.650076754391193 6.15130664455966
-0.185531974770129 -1.73049862690364
0.46741108968854 3.52534152437352
-1.66764187067747 -0.791555311420758
-0.420794978737831 -3.86056481922888
-1.13055107742548 -9.15482588240426
1.90107699949294 -4.93726854039699
1.06841037143022 10.3678051149555
1.15943034924567 3.52342984687864
0.278015928342938 3.23353375386057
0.337217086926103 8.72488894778549
1.21548787690699 4.09706165986928
1.68196864239872 11.3948708635488
0.524523531086743 6.2699736258001
1.11563690099865 7.47308411178562
-0.172849224880338 -0.892363466597948
-1.13313189800829 5.40751877973268
-0.694212992675602 7.56559348806226
-1.65564560331404 -1.26455877921741
1.87652567215264 -3.30448187037113
0.648561078123748 7.39123440081273
-0.498333976604044 7.76293405056277
0.851969343610108 7.71216568457195
-0.381659793667495 8.92054774774735
-0.0418714294210076 9.58523818655811
0.522013016045094 5.29749513734115
1.17734921444207 2.69726916727606
0.34011507499963 10.1817785935556
1.7857539569959 -3.08800486919193
-1.695866224356 -0.178678684155314
-1.8854464692995 -4.27206050328745
-0.310905222781003 -1.7810569339163
-1.08725106623024 -8.98768609368279
0.874759647995234 6.05046959828837
1.56487339362502 -0.038299198236585
-1.56894957087934 -9.65688916305493
-0.0175284333527088 -1.49832430237169
1.5297777466476 2.29036344031294
1.68721142504364 10.1836099543873
-1.41805281024426 -11.3560597911132
-0.503053978085518 -4.7822406424911
-1.88023494742811 -9.20577745701119
0.727960542775691 7.14593386445743
-1.63448639586568 0.037430073257963
-1.50203727371991 -10.7050700891129
1.54702053125948 -0.825854895685791
0.630557888187468 6.77942644282125
1.37467543501407 9.4903029620811
0.769770704209805 8.19934722420368
1.92393761221319 -2.6889826163745
0.223557940684259 10.6776641575403
-0.187305490486324 9.5107162399982
0.192907079122961 1.63980006627775
-0.694634452462196 -5.59953341230734
1.28934491798282 1.42989320637314
1.37695995531976 2.98580763645823
1.32886847108603 1.68674507696071
1.34516856074333 3.38675417375195
-1.71324347611517 -3.2102430083268
-1.84228045493364 -12.5994583044393
-1.60106500424445 -10.4044608596357
-0.263052517548203 -2.19223663151111
1.85493686888367 -4.18074720057934
-0.191996775567532 9.26709551104339
-0.565808576531708 -4.96726953031767
-1.83030356932431 -11.4205712752227
-0.241889664903283 10.1082770311513
-0.415076625533402 -4.10837724121385
-0.555731808766723 -2.48620801617875
-1.27754515688866 -8.33921857030613
-1.73335776757449 -8.0288082499048
0.371779657900333 3.33827595728816
1.5729707274586 -1.33802082615733
1.18347519915551 9.70021573474277
1.92925148643553 -2.82989640298381
-1.06271387357265 5.55488005357237
0.592445180751383 6.50768815883347
0.379690516740084 10.7714976654861
-0.349657094106078 10.3141215841191
-0.45338945928961 8.57072243215494
0.760803098790348 6.75159869023202
-0.423505249433219 7.09447932493158
1.92592337075621 8.41410832335731
1.81145445257425 7.35692740434821
0.736578128300607 8.63626539262649
-0.699039657600224 8.41247653891079
-1.13930664118379 5.18504176276565
0.319279479794204 10.4158146304345
-0.747849935665727 9.40947986668315
-0.685808117501438 -6.59392787840872
0.0838497811928391 9.44370456641376
0.55406588781625 5.9492338698533
-0.673420523293316 -6.39783797708103
1.96852308046073 -3.88464322582262
1.01987743936479 9.26131081583374
-1.22643862385303 -8.94539481506683
-0.599686638452113 7.57946563741019
-1.38755474146456 2.63223955796453
1.13946292176843 6.69192626812478
-0.544656564481556 -5.68657007079987
-0.428366182371974 -2.66637381490853
-1.20926435943693 -9.04386355449979
1.83046744670719 -3.13715757813553
-0.374689252115786 8.86004082539699
1.50223214831203 1.46831610358206
-1.71968813985586 -2.95456675237967
1.07573415152729 8.84904147245515
0.114338064566255 10.0414057330829
-0.522544772364199 8.23443829371922
-1.89702783990651 -9.20112664918385
0.116730997338891 10.2842507289283
-1.17625849880278 -7.97733379036228
-1.4332026457414 -0.0644936720396991
-0.380029110237956 -4.00701809614892
-0.568339105695486 6.40989287225919
-1.5042827501893 1.39962286428093
-0.169723214581609 -2.20760595482831
0.459385662339628 7.71206127346823
1.87714308220893 -2.65442761254065
-1.42683381773531 -11.1598052273238
-1.42806009296328 -11.5773247950907
-0.152458042837679 8.65866777930132
-0.622625889256597 -4.41085845559661
0.428307908587158 9.8620723410264
1.28625656012446 9.7806193355714
-1.20201772078872 -9.42184785214956
-1.69720380753279 -0.789558556123103
-1.16821349319071 -10.2176810171819
1.92772573139518 8.67507064296709
1.36798868887126 1.23630214146476
-0.721454488113523 -5.74595581254513
-0.811296642757952 -7.26962042145103
0.101448010653257 1.15804831208212
1.4123856369406 0.0740033345361528
0.319516465999186 9.96603010529505
-1.3460832349956 3.16519136364609
1.61893733683974 10.0700597526351
-1.67041027639061 -10.3647959411868
-0.818152953870595 7.94547036536525
0.927120540291071 9.01987385576282
1.91337214317173 9.11288646553514
0.0915212165564299 10.303747115897
-1.93560703936964 -4.33436764888613
0.128200897946954 10.9576276587963
1.71798714436591 0.9465357246399
-1.61730022449046 -11.0902275213668
0.071184610016644 0.405732666694781
1.67117661051452 -2.89933719561344
1.25679133273661 0.757713696704178
0.0365939913317561 10.3703715635657
0.156724973581731 9.96289810869014
0.054791210219264 -0.404175192014957
-0.0243866909295321 10.3470101247938
-1.17494153603911 4.21835972082335
-0.576175699941814 -5.57479756974034
-1.9749851776287 -3.50938085435131
0.780489920638502 6.37775495665947
-1.13583521731198 3.27289266087242
1.56285757664591 7.91442853756545
-0.809949514456093 5.41945598746963
0.314420844428241 3.45079539823804
0.547181415371597 8.8386074209393
-1.35648313164711 -9.90768612004341
-0.842734270729125 -7.4310030498573
0.727910766378045 6.74188960637685
1.53172866255045 9.97584290530478
1.38207944668829 0.82331932787908
-0.105569900944829 0.754647492952326
1.63360368553549 0.148987978703297
0.613584777340293 9.07744367558632
0.688844292424619 8.17401866482241
0.786098765209317 8.00716306253557
-0.855290964245796 5.85341431773817
0.427029369398952 4.63234358345513
0.883842404000461 9.19864141077615
0.354433399625123 9.93909483464605
-0.52648133598268 -4.55454706014059
1.42569875717163 1.99423580079287
-0.259599534794688 9.14906537465159
0.465057713910937 8.34449007101347
-1.67567168176174 -9.74274716902785
-0.72466160543263 6.66594603623937
-1.83568447176367 -2.22457330643988
1.95586598198861 8.90441184084589
-0.585876593366265 -6.90698487144215
1.39364771172404 12.0664676386326
1.7320448057726 9.66142675705544
-0.343150868080556 -3.70500750601582
0.126402147114277 10.7021710374745
0.645724505186081 6.82298413772989
-0.962649033404887 7.04897361403453
1.58773437421769 -0.680609572908753
1.66486955247819 -1.48910285269248
-0.402672483585775 9.29454960953937
-0.757485455833375 -7.06245791347354
1.4732462586835 0.385878104673849
-0.0747891236096621 9.3115051248839
1.05420704558492 5.26936579027011
-0.801506930962205 8.40802988487966
-1.10981731303036 3.8849641735645
-0.0825001215562224 8.18510699233656
-1.81720372941345 -10.8613616577725
-1.20501522812992 -12.1255753943897
1.43140003364533 0.86284032818671
0.749617480672896 6.630973305733
1.98691365495324 7.57230023390645
1.24972562026232 10.0091903517546
1.73688154295087 10.8623913106323
1.00075937248766 8.64048873959743
0.243591416627169 11.1804018808614
1.50838144961745 0.696540345178541
0.634117383509874 8.20788593110708
-0.334611710160971 8.06301878937123
1.99114998150617 -4.82241197496838
0.980547876097262 7.26159559442328
1.86285602487624 9.25994267904099
-1.41112651769072 -9.21229481569534
0.71122482419014 8.62351444983311
1.4113025451079 0.984406579821742
0.295884783379734 2.24645909515512
1.4350147312507 2.54199360803698
1.45390428509563 1.88808344582089
-1.60090764984488 -1.05606266599966
1.59328330121934 9.4613712472408
0.0586503399536014 10.3045151159216
0.159038184210658 9.84244567030896
-0.762103708460927 7.08848877327421
-1.55512330215424 -8.25849623647918
-0.0819582520052791 11.0747614060401
-0.416902272030711 10.2774035957507
-1.48658332787454 -9.28521833684979
-1.99379049614072 -8.40959209666027
1.35668750200421 1.43059811347588
-0.679909789934754 -6.42789776035663
-0.327270022593439 8.84996261944187
-0.925987777300179 -7.64273937885767
-0.321918768808246 10.5840323697642
0.0261959014460444 -0.200325380682121
-1.83330774027854 -7.55160566539062
-1.88629201892763 -7.86697786795559
0.971935165114701 6.0492574563065
-1.81307261064649 -10.0179487786075
-1.14853380154818 4.96286509089306
1.31075069960207 2.09498353357942
-0.346762963570654 -3.089461993553
-0.590615737251937 8.46539698095322
1.77959814388305 9.01132138485873
0.888268811628222 9.52562680514488
-1.60538687929511 1.89546019055928
1.17335285898298 9.63977899630299
-0.544376648031175 -3.48163488054146
1.89697658270597 -3.36034044790235
-1.0820326609537 -9.22424119724461
-0.932055467739701 8.18548657116126
-1.00860863365233 4.03731045723611
0.198992365039885 10.333982333977
-0.46525604557246 -6.83071178801361
1.99298753030598 -2.91624887658413
1.91447215806693 -1.08837605226277
0.714391523972154 7.49725677066036
-1.64376207347959 -1.56454637241199
1.78896342869848 9.98334897020116
-1.03482689708471 -9.71319579808757
1.41786774341017 11.1543540888419
1.04390213079751 3.44730216565263
-1.15556696616113 3.38818227846442
0.370678937062621 8.78364859027015
0.832847038283944 5.70328533231246
0.486153303645551 5.17066632757102
-1.74607591237873 -8.42701725420411
-1.3292950950563 -9.93410960838153
1.82965696882457 10.2435486296799
0.500535667873919 10.4791743281919
0.368539755232632 9.37872503305845
0.185101236216724 10.8488061913108
-0.935572365298867 4.93252311242323
-0.691183120943606 -7.24521953725611
-0.704920466989279 -6.42480416257169
-0.304435045458376 -3.91204350787374
1.87546953931451 -2.38703680956176
-1.82385080400854 -9.75612503489704
0.509990761056542 10.2833239481505
-0.585004444234073 -8.51607453774572
1.93553561251611 -3.53359424234274
1.91610411833972 8.19574294234543
-1.12965293228626 -9.60167528314216
-0.864329827949405 -7.22659686138975
1.38478709571064 3.87294618480517
-0.53270788770169 -7.1435378323253
-1.44505921751261 -9.62106726523491
1.57929205149412 0.310877394846925
-0.463219060562551 -5.23880889809379
-0.9478330751881 -7.89357481152584
1.65327766444534 0.30458071499176
0.461372028104961 8.75702911847399
1.01217921823263 8.29347412047459
-1.71299008466303 -0.750335618124352
0.6336340457201 6.7672510914986
0.599717419594526 7.68269383081026
1.68236137367785 10.8183500728208
-0.856069327332079 -6.77345136657178
1.81455704756081 -1.69652753042334
-0.94701623916626 5.20146420411234
0.512994017452002 7.63503842249289
0.932557055726647 5.6318437658916
0.135543806478381 10.6900408170322
-1.95169628970325 -9.29340744950174
-0.396213632076979 -4.60558061050381
1.19992526620626 3.1330812479435
0.157224699854851 0.835506462494961
0.0497213210910559 8.41170909730487
-0.588026507757604 -6.95727079586815
-1.81228030752391 -2.97081536183314
-1.67433469742537 -9.28100197957024
-1.98446470778435 -9.5873307614071
-0.529571948572993 9.2493796286062
-0.509647348895669 -3.3153849565011
-1.00838125124574 3.84503794941579
-0.544153422117233 -6.11940941432199
-0.0704352026805282 10.3499395374202
0.655243913643062 6.73248115025793
-1.01939244382083 -7.48875656540272
-0.429375628940761 7.58165216086209
-1.38613330107182 2.40956579959037
1.02323630638421 5.01857734051811
-0.644315511919558 -5.43867204480629
-1.2139466907829 3.11711647347072
0.605918060056865 5.84292222643126
0.609688648022711 6.25066150027456
-0.638558734208345 7.82380906330304
1.21148954983801 9.94681243859707
-1.69124070648104 0.437037316064054
-1.54320511687547 -9.99988620409057
1.08268625847995 4.77735963801709
0.180276585742831 0.709874541478454
-1.3404122069478 1.88432187989115
-0.151265703141689 9.069724916866
-1.95406822767109 -9.29970994270495
-0.655477504245937 -7.35788348313958
-0.208833776414394 8.13803962997035
-0.954852650873363 -6.51868726729647
-0.376940970309079 -2.59815182077821
1.08502472750843 8.85040244583097
-0.0112357595935464 10.3697715482201
0.476945345290005 4.67268519210991
-1.996213468723 -4.13001676230165
0.846738420426846 7.28718870244947
-1.13667310122401 -8.37068118152928
1.26023297943175 10.1910007242813
-1.99020418059081 -5.60705689082395
-0.20059705991298 9.46853195256813
-1.32150477636606 -7.34391649293535
1.74838845152408 10.6862193030969
0.730416739359498 6.34559509539255
1.50523222330958 0.821281832810214
1.51294360775501 10.0877074873488
-0.290508865378797 -2.4607783084627
0.406785521656275 5.45183594858743
-1.80386491306126 -9.17833206672918
-1.15353851113468 4.92363742141778
0.223221153020859 10.4411572711738
0.545093055814505 8.8285302255722
-1.3347165575251 2.84112157479738
0.309115595184267 2.73750175281873
-1.20158115494996 -9.02412695298656
0.462004706263542 8.32052093212581
1.22667252738029 4.53637539307774
-1.63090883661062 -9.93700377576063
0.237910988740623 3.14493126572139
-1.1575429616496 -9.09229182149948
-1.41947299893945 1.47784170796528
-0.382288076914847 -4.84218774485484
-0.800283478572965 -5.03651245496578
0.642169326543808 4.44109600115076
1.88937828037888 8.85149469632911
1.23788237478584 2.5037681819517
-1.16796509549022 4.80370640786323
-1.96075748838484 -3.46148590341812
0.248051413334906 3.00956756250777
0.59421462379396 9.94936387416688
1.31060621049255 10.8650529800075
-0.663409634493291 7.86691443687895
1.83827140461653 10.1921104590035
-0.880479138344526 -6.27753053310379
-0.403032471425831 7.55952995370986
-0.7687758654356 -5.99463276896444
1.96045733988285 9.48030718120523
-0.0860899807885289 9.38650033947719
1.80160456988961 11.1060222501096
-0.24666466191411 10.9586846977275
-0.909157121554017 -7.02102347557672
0.0547399586066604 9.74030552151731
-0.239966887049377 9.19316696111958
1.71579923853278 -0.538009263755441
-1.70121951401234 -2.03756289204042
-0.213008101098239 -1.84984429823685
1.34029070753604 1.73382920208327
0.293000749312341 3.30512926496205
0.161990367807448 9.8083496102772
-1.00686870329082 -9.14247207859501
1.00019400846213 10.1002608878888
1.40248436667025 1.00759834297092
-0.312937184236944 -1.85805549452574
-1.09678688459098 6.38466493185595
1.53378206863999 10.9797554035484
-0.0438547739759088 -2.03224225428229
-1.64669932704419 -10.0147550456612
-1.01493235956877 4.11287926537367
1.7024535741657 -1.10323839812633
1.2406211681664 2.28460238974021
-0.318730722181499 -2.79939465848473
0.413174474611878 3.99191901133383
0.471014321781695 10.0210329921639
1.94811042957008 9.5243779724702
-1.96886292751878 -9.09617693243035
-0.929660188965499 -7.16921457460205
-1.74585834797472 -10.358298162271
1.48506323527545 11.9283178458653
-0.975966569967568 5.44633540227148
-0.92775090970099 5.45947306315509
-1.20231371000409 2.13419703770948
-1.19678833894432 -9.33607184174827
0.921287572011352 4.34475427698108
-1.01010383758694 6.03890111952737
0.616697468794882 5.72514343414851
-1.23302217107266 6.17686325314595
-1.43950896710157 -8.27631588286308
-0.83609432913363 -8.07674872566647
-0.0443207807838917 12.5634632144061
0.636819701641798 7.2151643016505
0.0144671490415931 -1.29931829893394
-1.38556475471705 -10.9875803755661
-0.299919961951673 8.78334430265636
0.828414743766189 6.68555846956515
-0.654878877103329 6.98966322907466
-1.15921709500253 -8.83431011304111
1.76069805771112 -1.37335338287459
1.49181631114334 2.09150013447326
-1.63502314686775 -9.82654975210193
-0.484166148118675 -4.11124776044604
-0.696636092849076 8.2027670113636
-0.350965928286314 11.8623303278994
-1.77009783033282 -9.68886882628886
1.81787602417171 -3.44180111326642
1.59366887249053 1.31560929552038
1.47541787661612 -0.498942462299968
-1.28935617674142 -9.5009857814299
1.17263074498624 2.63689665231803
-0.912589930929244 -7.59026738074681
-1.60706525295973 -10.5200047918443
0.196949179284275 11.239449048371
1.64078784454614 11.1408611498982
-1.73907674942166 -1.73627289815484
1.10183556005359 4.85702766124218
1.47544974647462 10.9386857895322
-1.56995077617466 -9.65271412355722
1.33996647503227 8.10878429149138
-1.57051727734506 -9.17859244815346
-1.59845284931362 -8.37253909808581
1.72486210986972 10.2506713653635
-1.52773922588676 -9.74345992581651
1.66298224497586 10.5006267229366
0.751051482744515 6.57966739170264
0.587357477284968 5.36535266146535
1.76949159707874 9.3244993540373
0.568500799126923 7.24354542203294
0.689204771071672 8.74356536094107
1.78419670090079 -0.671260829185704
1.30199587903917 9.14975697590828
-1.74282104149461 -9.30402159003224
1.74453086871654 -0.572605637279839
0.00630828365683556 11.4665622917904
-1.77801127918065 -0.815907497069338
-0.250261574052274 -1.97880216623998
0.636978224851191 5.62875577315605
0.691226917319 7.34653696975576
1.38900535553694 0.727858333845671
-0.693419607356191 -8.04439910678031
-1.92380388174206 -9.12545064930462
0.82712709531188 7.93805320579193
0.463000149466097 9.24729261925949
-0.0256437230855227 11.1059696022132
0.886130347847939 5.6043129851964
-0.665640613995492 -4.67770511270339
0.0553086828440428 9.56691294360736
1.84024042356759 11.3556024631704
0.289197346195579 9.39881866713489
-1.797641787678 -10.0062639376394
0.388363605365157 3.55987976162051
-0.0394542291760445 9.70990947675029
1.96846438106149 10.2827810443975
-1.31747342273593 3.48561263866307
-0.455752185545862 -3.9684800533366
-0.797058219090104 7.0044386890868
-1.97294906713068 -8.90599782725695
1.49677653424442 9.04921805666232
-1.85939779691398 -3.38019596162946
1.75336657930166 -0.323369292503121
-1.63133213017136 -0.814685654595868
-1.56001915223897 -0.0448865619184283
0.800557288341224 7.88651186371275
0.867386691272259 7.52747192108529
-1.54685530439019 -8.14220569930997
-1.93916671257466 -1.51994602140989
0.981920189224184 5.14745029564202
-1.98976176977158 -3.57575088031189
0.665118431672454 7.84165617659795
-1.32866520993412 4.61948500381269
1.16887417901307 3.63276456486883
0.273839743807912 2.91835744077353
1.39210042357445 2.22166508472754
-1.47719782590866 0.981189647012974
0.0999992424622178 9.48808573911343
-0.315274155698717 -3.19443543708314
-0.802359515801072 6.9273691210551
-1.85581911727786 -9.3494451976632
-1.23252848815173 -8.96466208059002
1.72078677080572 9.59178850365715
-1.14632497727871 -9.53388734582339
-1.87049466744065 -2.74879566020451
-0.675225556828082 -5.22801836822428
-1.04546633828431 3.71080452749887
-1.26380817405879 3.32950392532442
-0.687735836952925 7.92879336139844
0.316870154812932 10.4548826722111
-1.32798918988556 2.93635859048694
-0.142848937772214 -1.10085236449935
-0.690085082314909 8.71736320431599
-0.8649981347844 -6.70645621073221
-0.926338578574359 -6.88286871082027
1.92381772585213 -4.66357583273452
-0.465394782833755 10.3309813979149
1.1537474244833 8.35908280952505
-1.80240366235375 -1.31171773428575
0.742857632227242 7.45061244729703
0.82581608556211 6.24967813606849
-1.51789186242968 -8.59430975216071
-1.69056081678718 -2.21110423232735
-1.05331391748041 -7.680022635949
-0.880717038176954 7.643532046701
-1.38410749472678 1.6176095194283
1.38489636126906 8.63652569303016
1.82694604527205 10.6303476411992
-0.612604451365769 8.57030129743525
-0.890723592601717 4.58215670839209
-0.12996328342706 9.50757101667896
0.506122823804617 7.93168106328002
-0.326974572613835 -3.02411173058529
1.57908109016716 10.1820284474023
-0.290627720765769 9.43997889222876
1.70135386381298 -1.79114517896744
1.69291373342276 -0.993068769676002
-1.6092159114778 0.633279173451542
1.8945428384468 9.32045776630058
0.97286746557802 5.63379230993373
-1.44016083516181 2.54707563668686
0.860394097864628 6.0292965535709
0.540520601905882 9.47266023145422
1.3235432067886 3.06210723865971
-0.871111183427274 6.03940864992062
0.695132497698069 7.68936875251717
-0.723048279061913 -5.87117170687876
-1.99010650068521 -2.9380955496183
-0.63476313278079 -5.69198890224792
-0.858918401412666 -5.82239499608874
-1.58826117683202 0.330356614172082
1.92962923180312 -3.11444816306431
-0.0373923974111676 10.773917875504
-0.456670191138983 -6.33645481810257
0.752463303506374 6.7784118999116
1.12422812264413 8.53693819752285
0.792196608148515 8.27226096964369
-1.36911271791905 0.567168481242296
-1.26470696087927 2.96231251874191
1.13606011029333 6.11030316461064
1.08257029671222 3.12103741466324
-1.45170132536441 -8.60727687234646
-1.77805780526251 -10.4421315884281
1.2483883202076 9.26352209548737
-1.72690063994378 -11.1408493597368
0.810654823668301 7.32954262654775
1.34222858492285 9.5895297209551
-1.29125642962754 2.76234946935377
1.02945605758578 7.29416552062824
0.853596011176705 7.48307504500549
-1.08309071417898 -7.83240894387203
-0.598733572289348 -6.63213502789039
-0.729883015155792 7.83793996865319
1.63434905186296 -1.53815372645159
-0.237647272646427 8.51465990713964
-1.55856308806688 -12.1544614679028
-1.52946093585342 -8.62736829579523
0.474599525332451 10.5093166050569
-0.873799549415708 -6.58338224080799
-1.16385174263269 3.8322663262446
-0.726825827732682 6.45185207960687
-1.15205314476043 1.9516765036469
-1.26817017700523 3.78313849819578
1.45334371179342 8.3412133316057
-0.838141288608313 8.68868398870041
0.19910174049437 0.882291306431946
-1.31142334453762 1.59894966491318
-1.39570539910346 -9.26867236396356
-0.676253051497042 -4.76994405379007
-1.85212516319007 -10.292657098698
-1.06476551946253 -6.22013470258305
0.512626120820642 4.14683754841818
1.32697087340057 1.62727146431602
0.959685964509845 7.63865615835899
1.82789790257812 -3.70857481892027
0.744510540738702 8.12447186335279
-1.04069289937615 -8.9568072447919
-0.0783057203516364 10.3358251666704
1.78369252290577 -2.50693627456533
0.158520240336657 9.979628068547
-0.272471519187093 -2.16090596716406
-1.70861082617193 -1.19536390115836
-1.77996396459639 -1.79505072893052
1.32882641628385 8.09199778175767
-0.965151928365231 5.68582653802314
-0.262337746098638 10.121451595744
0.890588442794979 7.38114979915802
0.187717450782657 1.04426656023127
-0.556845436803997 -4.91372271560148
1.78284625988454 10.5570559385851
1.24984809663147 8.80227124598655
-0.957265858538449 -9.20728372302112
-0.256530996412039 10.9858760348869
-0.574405360035598 8.35222997799029
-1.910140927881 -4.05121293055224
0.820108287967741 7.71268812885326
-1.81568470783532 -9.20818470018868
1.80879756249487 -1.99509777862077
1.87569755967706 -2.92608697441283
1.5922741247341 9.40590689278115
1.39019699301571 1.04712786678247
-0.733328491449356 6.02306298365085
0.424756963737309 8.19672156139374
-0.336579887196422 -3.05836332301599
-1.21465507615358 -9.64061766318447
-0.934915944002569 6.69903398737626
0.912845065817237 9.21729060056373
0.136072175577283 9.74337567008226
-1.79169302713126 -2.3704679165528
-0.89510503411293 -8.07064747716875
1.38696348574013 3.01307112321567
-0.750691018998623 -7.30796799979699
0.605832557193935 7.14270497024359
1.7050912855193 -1.36671580398066
-0.887776679359376 5.18350425481654
1.56609350815415 1.37826432170571
-0.617552496492863 8.017850800506
0.489875928498805 7.68416143016538
-1.29877864010632 -10.4670330304601
1.84819526597857 8.92291465111159
0.684628098271787 7.9964817711217
-0.322043827734888 -3.46171008742257
-1.26618342660367 -9.84410038934993
-0.86235274747014 -6.94036215574235
-1.65339527092874 -0.774584973594268
1.27199157234281 2.12813543446059
0.933308278210461 5.81448359942919
-1.42626074887812 -9.5993143171441
-0.122443042695522 -0.857759767102849
1.23625432513654 10.0672752810148
0.534196087159216 10.3895518282822
-0.575933927670121 -3.51754047886002
-1.67119935993105 -1.11766753648634
-1.38451282214373 -10.1835763486105
0.676419644616544 6.11087593839413
-1.58174057956785 0.260975055919069
1.03861024044454 8.18350675881052
0.0298801092430949 12.781497249969
0.33560973405838 10.2468151759707
0.525449590757489 4.79123506298146
-1.56006479542702 0.130366179408763
-0.316780761815608 9.37185089452328
1.49209269601852 0.869809175359297
-0.509660175070167 -6.11850872772402
-0.603360095992684 8.67452561298662
-0.3893479462713 7.64659905303432
1.46385949198157 0.356469783029405
-1.00362369325012 5.07721088601372
1.77545155212283 11.5070623489173
1.42122607585043 10.1597429075911
0.356910470873117 8.4265086299367
-1.97486970573664 -10.0737464170353
0.162640403956175 2.26387790825787
0.198765403591096 10.9553057476852
1.7536739083007 -1.84546232798619
-1.05160139873624 -8.94395157424701
-1.18653308413923 -9.6303341259575
-0.325557196512818 -2.18719952572353
1.14125858340412 5.07136477542555
0.173069261945784 1.08288703264609
0.588268543593585 6.55502346286819
0.0116254845634103 2.22008014529298
-0.467083856463432 9.21145633569951
-1.26369540672749 2.84846913938518
-1.79342769831419 -8.9880532002069
0.986896975897253 3.66811791148891
1.39424585644156 0.0597277470389357
1.20245042163879 2.15343690830648
1.09861569106579 3.42518095830504
-1.05596031993628 -10.1261052259001
-0.282021806575358 9.49307122821501
0.202449220232666 1.96359421229058
0.663973503746092 8.03145618453189
-0.419129000976682 -3.36880872969731
-1.32655910681933 -10.6735753702877
0.926168736070395 6.25816606634484
0.465296077542007 2.73361761426332
0.940539323724806 8.65118016393482
-0.603516587987542 -5.11205943289395
0.319805608130991 8.23925227555025
0.0139361778274179 0.128334998355143
1.37506158370525 10.4441443578158
-0.0668112738057971 -0.394600290401167
-0.186151405796409 12.1811974735628
-1.2259619589895 -9.93888958208064
0.992126767523587 7.24205268575036
0.547849682159722 7.39615979403533
-1.66874070372432 -9.69682051802166
-0.706664861179888 -7.26819699772805
-1.31029665563256 -10.7676366886549
1.21680851466954 8.51827458338235
0.968417044728994 4.07519142254964
1.90398214757442 7.09105014917821
-1.12831460591406 -9.01044640292321
-0.331076448783278 -2.34560765130772
1.39909260720015 9.88582946229032
-0.506710975430906 -3.72850775687353
-0.613725638948381 7.73357263388594
-0.481443103402853 8.79934948449926
-0.661899489350617 7.36045635385495
1.04531439580023 4.47174229084624
-1.74510411638767 -9.52969868415855
-0.414150530472398 10.4132277129106
-1.51829607505351 -9.61315668776071
0.46429520752281 9.34285805599615
-1.87310546636581 -1.33926637710086
-1.37386287655681 0.450594535639325
-0.769404705613852 5.48830983376582
0.778758256696165 7.79345776354952
1.01805754564703 7.82342415891076
-0.165239222347736 9.93297297493335
0.671213618479669 8.90993266359044
-1.33041072264314 3.12777825165689
-1.04467008356005 -9.3559925088766
-0.991136438213289 5.8262555653105
0.735541698522866 5.97301697038511
0.809078185819089 7.3466112860459
1.76402398757637 -2.04936348047914
-1.50156293530017 1.06827467681399
0.0429522236809134 1.7357282629069
-1.43962225131691 0.187431740825526
0.827915823087096 6.45966775022437
0.82077188976109 5.47942270356671
-1.20216782856733 -10.13587638737
-0.674657427705824 7.0096686900282
-1.38627500832081 0.502001539591916
-1.87470453418791 -3.41449834397908
1.49063557479531 10.161806251898
1.2676547402516 2.36471887340004
-1.01406738068908 5.63403722096765
-0.660223146900535 8.32692897903286
0.512269221246243 4.40272583330105
-1.36814124602824 -8.81646861989441
-1.64821742661297 -0.626837935963293
1.75443549547344 -2.19565112425932
-1.14395333640277 -9.55707635756775
-1.90808014664799 -9.41938406832063
0.137306697666645 0.422404981429897
-1.33321032579988 0.888114011064994
-0.316950418055058 9.24347596921221
0.959098353981972 8.30702838398283
1.68702036887407 10.274966855522
-1.95284128934145 -3.84093302927274
-0.831773655489087 -5.90539235870536
1.36944166291505 9.9067305161227
0.631483941338956 6.91318407280787
-0.205180424265563 -0.242181501691159
1.9890996934846 7.91836912104451
-0.520003367215395 9.23845128229462
1.05292170960456 5.64224388303939
-0.0956362327560782 -0.0454078340211332
-0.0708042215555906 9.78839189111197
-1.62042931560427 -0.478249523488638
1.4233509991318 1.76667502124821
-0.978470792062581 5.92427503485371
-0.00252207368612289 10.022001675862
-1.52094815485179 0.222829963692472
0.691249065101147 6.60425015011378
-0.185196123085916 -4.28730693211486
0.344146873801947 8.76099794376289
-0.789478017017245 -6.39074353075864
1.96547185350209 -3.50322487833545
-0.204694083891809 -1.31353252023566
1.6738226255402 10.678643327349
-0.133261540904641 -1.72237264821012
0.411224001087248 4.11141497454766
-1.24268646258861 3.64296289576028
0.66966552939266 7.64590530312589
-1.98619038704783 -7.94626750705376
1.9118595328182 9.04799866634245
1.11335115414113 4.37543670475493
-0.0398177932947874 9.7083364749832
1.96770243067294 -3.11481362860833
1.95848671067506 8.83476090160066
0.709139302372932 7.56868710020867
-1.32028370350599 -9.62497461869646
-2 -10.2431469973869
-1.995995995996 -3.15287893443496
-1.99199199199199 -3.62842444083236
-1.98798798798799 -4.24434196252821
-1.98398398398398 -4.11387683298197
-1.97997997997998 -10.4081460777458
-1.97597597597598 -2.84230452307394
-1.97197197197197 -10.3055687534889
-1.96796796796797 -8.30929559721925
-1.96396396396396 -4.74290175723537
-1.95995995995996 -2.54168672051406
-1.95595595595596 -9.09543856257938
-1.95195195195195 -9.59763479113078
-1.94794794794795 -11.4349334935702
-1.94394394394394 -8.57909513383479
-1.93993993993994 -9.27706270286517
-1.93593593593594 -9.52337964091097
-1.93193193193193 -5.94566630828226
-1.92792792792793 -9.30626085825324
-1.92392392392392 -3.73689955202024
-1.91991991991992 -2.3685229344192
-1.91591591591592 -10.8177810056039
-1.91191191191191 -2.99571216685585
-1.90790790790791 -8.63638099065603
-1.9039039039039 -3.56509281398981
-1.8998998998999 -0.126442519867554
-1.8958958958959 -4.59584986233254
-1.89189189189189 -9.59864078724206
-1.88788788788789 -8.84577609782125
-1.88388388388388 -3.47931776957319
-1.87987987987988 -9.36641515910085
-1.87587587587588 -8.92785117399264
-1.87187187187187 -8.6066186289362
-1.86786786786787 -10.4631874210339
-1.86386386386386 -10.2673937875379
-1.85985985985986 -3.09217111942032
-1.85585585585586 -4.61509813753308
-1.85185185185185 -9.66785614841041
-1.84784784784785 -2.80876886769919
-1.84384384384384 -9.80225435979007
-1.83983983983984 -1.60566936552299
-1.83583583583584 -7.95177164906859
-1.83183183183183 -2.77007424410385
-1.82782782782783 -1.59691305688244
-1.82382382382382 -2.55674805500446
-1.81981981981982 -3.49331065008166
-1.81581581581582 -1.35583887344061
-1.81181181181181 -9.23435766350063
-1.80780780780781 -11.1909896639796
-1.8038038038038 -1.74482849163626
-1.7997997997998 -8.0498694887803
-1.7957957957958 -9.57813715767725
-1.79179179179179 -1.4294479539277
-1.78778778778779 -11.9743666322789
-1.78378378378378 -1.14594379545191
-1.77977977977978 0.215067910636257
-1.77577577577578 -0.415204667379172
-1.77177177177177 -2.49816056730134
-1.76776776776777 -8.16997868490328
-1.76376376376376 -9.259466940557
-1.75975975975976 -1.63200495351747
-1.75575575575576 -10.0268194821516
-1.75175175175175 -1.36231574615134
-1.74774774774775 -10.2500514898899
-1.74374374374374 -2.1686202282565
-1.73973973973974 -2.08034187082127
-1.73573573573574 -8.3298954164582
-1.73173173173173 -2.60075392051154
-1.72772772772773 -10.6074297469049
-1.72372372372372 -11.7996444640344
-1.71971971971972 -3.23246707179004
-1.71571571571572 -10.1849369396071
-1.71171171171171 -11.3056408302451
-1.70770770770771 -1.2153395310022
-1.7037037037037 -1.42292967493393
-1.6996996996997 -0.579223265517467
-1.6956956956957 -1.79837067148557
-1.69169169169169 -11.7696788139708
-1.68768768768769 -0.640393919190365
-1.68368368368368 -3.03379713212325
-1.67967967967968 -0.695530286315032
-1.67567567567568 -9.93703236800327
-1.67167167167167 -1.861681104897
-1.66766766766767 -0.204045441640827
-1.66366366366366 -10.0336759271279
-1.65965965965966 0.263331717141007
-1.65565565565566 0.858631608076127
-1.65165165165165 -0.258107175390118
-1.64764764764765 -8.86765754597885
-1.64364364364364 -0.0279297892415284
-1.63963963963964 -9.64871890090108
-1.63563563563564 -10.2445626321107
-1.63163163163163 -0.695585198161196
-1.62762762762763 -10.4765203051059
-1.62362362362362 -11.4745786584915
-1.61961961961962 -1.55522627167675
-1.61561561561562 -9.85639607202441
-1.61161161161161 -1.95525491996337
-1.60760760760761 -2.37034573867486
-1.6036036036036 -7.78574012405619
-1.5995995995996 -0.352866070075682
-1.5955955955956 -0.0539910507983196
-1.59159159159159 1.60744997151254
-1.58758758758759 -8.16672183704678
-1.58358358358358 1.9071337668459
-1.57957957957958 -8.88231773946348
-1.57557557557558 -0.0790463991013756
-1.57157157157157 1.31277482343369
-1.56756756756757 -10.8050623197057
-1.56356356356356 -0.938836202744294
-1.55955955955956 -10.1464976664912
-1.55555555555556 -9.31518865317108
-1.55155155155155 -1.39672110902408
-1.54754754754755 -0.465640908055391
-1.54354354354354 0.625708269037754
-1.53953953953954 -10.5244559602871
-1.53553553553554 -9.17796407725048
-1.53153153153153 -10.3622669963844
-1.52752752752753 -0.058461636178709
-1.52352352352352 -0.728713332930191
-1.51951951951952 -10.0698934694319
-1.51551551551552 -11.1123203551605
-1.51151151151151 -8.19206674602809
-1.50750750750751 0.344047228070337
-1.5035035035035 1.50306112819014
-1.4994994994995 2.80861332016666
-1.4954954954955 -0.291516997549304
-1.49149149149149 0.477972887994119
-1.48748748748749 1.60998159696935
-1.48348348348348 -11.1290981884496
-1.47947947947948 1.08759104137177
-1.47547547547548 -10.2183892176783
-1.47147147147147 -11.3440486039154
-1.46746746746747 0.211743144553544
-1.46346346346346 -10.0736825664965
-1.45945945945946 1.30159642709693
-1.45545545545546 0.773769676280091
-1.45145145145145 3.8948113898112
-1.44744744744745 -11.5809285323052
-1.44344344344344 0.451671783551733
-1.43943943943944 1.23766873186813
-1.43543543543544 -12.0993475658274
-1.43143143143143 -9.25280933701556
-1.42742742742743 -9.57549201569883
-1.42342342342342 0.268813611439473
-1.41941941941942 -10.4460056781627
-1.41541541541542 -10.351607357774
-1.41141141141141 -10.1138967804546
-1.40740740740741 2.27026706969089
-1.4034034034034 2.12573395051425
-1.3993993993994 2.40142709497827
-1.3953953953954 1.3678903274016
-1.39139139139139 -9.4940211566934
-1.38738738738739 1.92719105304388
-1.38338338338338 -0.688490033234761
-1.37937937937938 -8.49048989033308
-1.37537537537538 -10.020111841658
-1.37137137137137 -9.77738856654747
-1.36736736736737 2.23126570183365
-1.36336336336336 -9.90995128574458
-1.35935935935936 1.12322549221395
-1.35535535535536 2.7083084831662
-1.35135135135135 1.70461501423575
-1.34734734734735 1.43498242643784
-1.34334334334334 -9.52703619696236
-1.33933933933934 2.10185274342048
-1.33533533533534 -9.59296436486311
-1.33133133133133 -10.0436903327848
-1.32732732732733 -8.95902344016377
-1.32332332332332 -10.2582560105995
-1.31931931931932 2.99597534905036
-1.31531531531532 1.89281378627015
-1.31131131131131 0.873357316184904
-1.30730730730731 -9.25676414464352
-1.3033033033033 -10.1343875771256
-1.2992992992993 3.23524281683824
-1.2952952952953 3.46760649649027
-1.29129129129129 3.70240265274184
-1.28728728728729 -11.5680221551434
-1.28328328328328 1.02519320877989
-1.27927927927928 -8.7842343530975
-1.27527527527528 1.88039896956072
-1.27127127127127 2.96542385704413
-1.26726726726727 -9.28192080180732
-1.26326326326326 -8.62057680618878
-1.25925925925926 -10.5620672466861
-1.25525525525526 -10.4285174481187
-1.25125125125125 -9.55379304435791
-1.24724724724725 1.82615691149355
-1.24324324324324 -8.94378908391935
-1.23923923923924 3.20092158275874
-1.23523523523524 3.55673342953514
-1.23123123123123 3.85941038660767
-1.22722722722723 3.25528546358803
-1.22322322322322 3.99045061218266
-1.21921921921922 2.09114829764361
-1.21521521521522 -10.2442997344969
-1.21121121121121 2.68209105792296
-1.20720720720721 2.2818864275076
-1.2032032032032 4.06483563466417
-1.1991991991992 1.71795044203254
-1.1951951951952 3.33857454432381
-1.19119119119119 2.77593586314681
-1.18718718718719 3.87728777294858
-1.18318318318318 3.86285533130702
-1.17917917917918 -10.4723420762626
-1.17517517517518 -10.7509945982183
-1.17117117117117 3.67818372480063
-1.16716716716717 -11.3436272394368
-1.16316316316316 -8.44935827500731
-1.15915915915916 -8.54101411651206
-1.15515515515516 4.28110087610224
-1.15115115115115 3.861908639979
-1.14714714714715 -8.92126335060056
-1.14314314314314 1.39359480519138
-1.13913913913914 -10.0673424712394
-1.13513513513514 -8.3261284541011
-1.13113113113113 -9.07146479248762
-1.12712712712713 -11.9598765054194
-1.12312312312312 3.0589964366232
-1.11911911911912 -8.0829529566723
-1.11511511511512 4.07389556297113
-1.11111111111111 5.85636571162743
-1.10710710710711 4.22086095970161
-1.1031031031031 -7.22717660688763
-1.0990990990991 -8.95981707208402
-1.0950950950951 5.21147881198714
-1.09109109109109 -9.25416244388127
-1.08708708708709 -9.4564772523027
-1.08308308308308 4.77626176327449
-1.07907907907908 -8.91522366975763
-1.07507507507508 -7.32186035760353
-1.07107107107107 4.58458382375194
-1.06706706706707 -9.07025944079048
-1.06306306306306 4.63462726239713
-1.05905905905906 -7.54192214376103
-1.05505505505506 -8.11291353676154
-1.05105105105105 4.21294824763918
-1.04704704704705 -7.92663742253549
-1.04304304304304 4.11892999548585
-1.03903903903904 -9.30075561652538
-1.03503503503504 4.74595116867479
-1.03103103103103 -7.82947005316374
-1.02702702702703 -10.1598025031219
-1.02302302302302 -8.36595607450998
-1.01901901901902 -9.74565720007178
-1.01501501501502 4.77638732072024
-1.01101101101101 6.13190082894192
-1.00700700700701 -8.84785520777779
-1.003003003003 4.6270925562783
-0.998998998998999 -7.43126210068004
-0.994994994994995 -7.19102740834349
-0.990990990990991 5.06057151524658
-0.986986986986987 6.02366927526073
-0.982982982982983 -9.10331497367695
-0.978978978978979 4.74926484650815
-0.974974974974975 -6.87952682149217
-0.970970970970971 5.52732928386566
-0.966966966966967 6.00406755217741
-0.962962962962963 -9.02380898245552
-0.958958958958959 -7.68702210329706
-0.954954954954955 -9.21409043023974
-0.950950950950951 -8.95087747695037
-0.946946946946947 -6.58103399030973
-0.942942942942943 6.94998831834961
-0.938938938938939 5.23790056364299
-0.934934934934935 -7.68001097823568
-0.930930930930931 7.54261571876762
-0.926926926926927 6.1927975049418
-0.922922922922923 -7.92876770520317
-0.918918918918919 -6.6448820783802
-0.914914914914915 -8.41403691215061
-0.910910910910911 7.16505341891901
-0.906906906906907 5.21560992924379
-0.902902902902903 7.03852969115513
-0.898898898898899 -8.68579242224436
-0.894894894894895 5.83276946495199
-0.890890890890891 -7.98121489700368
-0.886886886886887 -8.0485254503473
-0.882882882882883 6.94869524140915
-0.878878878878879 5.66559106249204
-0.874874874874875 6.24578785182335
-0.870870870870871 5.76662483276549
-0.866866866866867 -7.90183035084717
-0.862862862862863 -8.5804197462058
-0.858858858858859 -8.64747493793226
-0.854854854854855 -6.9935937605593
-0.850850850850851 5.26490745031638
-0.846846846846847 7.73208114093419
-0.842842842842843 7.48656602031675
-0.838838838838839 -6.14240203983952
-0.834834834834835 6.77839466136349
-0.830830830830831 -6.65907626009462
-0.826826826826827 -7.200573698739
-0.822822822822823 7.05781833366908
-0.818818818818819 5.78310861494997
-0.814814814814815 -6.00237891710494
-0.810810810810811 6.64896420661957
-0.806806806806807 -6.56501917737541
-0.802802802802803 5.69865070040789
-0.798798798798799 -7.85037187129451
-0.794794794794795 6.94941884831654
-0.790790790790791 -6.61127255490435
-0.786786786786787 -5.19902871709966
-0.782782782782783 -7.45414327414503
-0.778778778778779 5.70237553675952
-0.774774774774775 -6.37043828974381
-0.770770770770771 6.05923821733972
-0.766766766766767 -7.2572391241575
-0.762762762762763 6.18810779794804
-0.758758758758759 8.61248994819235
-0.754754754754755 -5.75730023012237
-0.750750750750751 8.36072701452627
-0.746746746746747 8.65204081247986
-0.742742742742743 7.77640005141204
-0.738738738738739 -6.01620671877961
-0.734734734734735 6.51068594630798
-0.730730730730731 -6.26664184405677
-0.726726726726727 8.23985830690341
-0.722722722722723 -6.25933088782292
-0.718718718718719 9.20517234282697
-0.714714714714715 -5.18151252117092
-0.710710710710711 -7.01254768224031
-0.706706706706707 7.15933159587207
-0.702702702702703 7.88564583578963
-0.698698698698699 8.38390004636645
-0.694694694694695 -7.64982377746314
-0.690690690690691 -6.55140433436064
-0.686686686686687 -8.67726857431502
-0.682682682682683 -6.05890224045181
-0.678678678678679 8.00161108559705
-0.674674674674675 7.13226698849225
-0.670670670670671 7.95900637829226
-0.666666666666667 7.57566905000648
-0.662662662662663 -4.47798031229949
-0.658658658658659 -7.86629384304882
-0.654654654654655 6.4750496734341
-0.650650650650651 9.90234746229559
-0.646646646646647 -5.52781274393169
-0.642642642642643 -5.91634840816665
-0.638638638638639 -6.07013566434228
-0.634634634634635 -6.80155707307298
-0.630630630630631 7.07672003928711
-0.626626626626627 -6.5545244312187
-0.622622622622623 -5.2207586790999
-0.618618618618619 -5.32479214824678
-0.614614614614615 -6.13153685854998
-0.610610610610611 -5.48082907864756
-0.606606606606607 9.00650727655456
-0.602602602602603 9.14780697710281
-0.598598598598599 -6.03328848157946
-0.594594594594595 8.48960487299773
-0.590590590590591 8.15659807872976
-0.586586586586587 7.07215709644044
-0.582582582582583 -3.82176846102337
-0.578578578578579 8.46691371647158
-0.574574574574575 6.60892022797982
-0.570570570570571 8.43276616745698
-0.566566566566567 -4.28240912986689
-0.562562562562563 10.1636611485029
-0.558558558558559 9.72541231258487
-0.554554554554554 8.07724325053762
-0.550550550550551 8.96774899274942
-0.546546546546547 6.92612858641951
-0.542542542542543 7.27103226355993
-0.538538538538539 -4.63792801765968
-0.534534534534534 8.73730348893779
-0.530530530530531 7.65674417468599
-0.526526526526526 -4.66042373455764
-0.522522522522523 -3.32144204566709
-0.518518518518519 -5.53690139621441
-0.514514514514514 9.14860420215089
-0.510510510510511 7.90474209585273
-0.506506506506506 -2.73344687629965
-0.502502502502503 -5.70570082718608
-0.498498498498499 8.45305802158317
-0.494494494494494 -4.59851335730915
-0.490490490490491 -5.13740601737443
-0.486486486486486 6.54277446232083
-0.482482482482482 8.82654897530229
-0.478478478478479 9.24062245981072
-0.474474474474474 -2.81899374345631
-0.470470470470471 10.8380778847689
-0.466466466466466 9.32347068736981
-0.462462462462462 -5.66845032607501
-0.458458458458459 -4.33451564343272
-0.454454454454454 7.35434217225231
-0.450450450450451 -1.9463619332116
-0.446446446446446 -4.88252525835996
-0.442442442442442 -3.96174926360492
-0.438438438438439 -4.14682881742532
-0.434434434434434 -3.69444291004768
-0.43043043043043 10.2298525576106
-0.426426426426426 7.96947256215394
-0.422422422422422 9.42176598425609
-0.418418418418419 -3.41794156388646
-0.414414414414414 10.4986986591658
-0.41041041041041 8.35770137228709
-0.406406406406406 -3.02543515339306
-0.402402402402402 10.0551601028744
-0.398398398398399 8.25549539052537
-0.394394394394394 -3.35234673200991
-0.39039039039039 9.4497636957913
-0.386386386386386 8.29691790091743
-0.382382382382382 8.0944914478709
-0.378378378378378 -3.24235643872243
-0.374374374374374 9.14638541728232
-0.37037037037037 9.23232511809213
-0.366366366366366 -2.88440853932289
-0.362362362362362 8.74843283704258
-0.358358358358358 10.6444485936029
-0.354354354354354 7.8700187986735
-0.35035035035035 9.55521186747393
-0.346346346346346 8.49678793716009
-0.342342342342342 8.0756137353688
-0.338338338338338 9.68829694029244
-0.334334334334334 10.5845500073683
-0.33033033033033 -2.97724250039374
-0.326326326326326 -3.19437730310742
-0.322322322322322 -3.91426206495448
-0.318318318318318 -4.36686405671928
-0.314314314314314 -2.85650447069511
-0.31031031031031 9.20896395877419
-0.306306306306306 -1.5155848140263
-0.302302302302302 11.2208140107787
-0.298298298298298 10.3469645379776
-0.294294294294294 7.18997340228001
-0.29029029029029 -1.49873003866955
-0.286286286286286 -3.3573300698896
-0.282282282282282 9.62992578616247
-0.278278278278278 9.41934456703179
-0.274274274274274 8.19041088715638
-0.27027027027027 -1.89625015171411
-0.266266266266266 -3.0054116858881
-0.262262262262262 9.5694443666907
-0.258258258258258 10.8980168250153
-0.254254254254254 -2.02050261594121
-0.25025025025025 9.0550499000751
-0.246246246246246 -1.83125956371941
-0.242242242242242 -1.48183094091248
-0.238238238238238 -1.48145979696179
-0.234234234234234 -1.07868367112586
-0.23023023023023 9.14754483111926
-0.226226226226226 9.68960893971552
-0.222222222222222 9.40889415270836
-0.218218218218218 -1.3060115576605
-0.214214214214214 11.223671362341
-0.21021021021021 11.5440327586362
-0.206206206206206 8.9068325400576
-0.202202202202202 9.05617718451538
-0.198198198198198 9.75073094957589
-0.194194194194194 -1.95571080966498
-0.19019019019019 10.4424405614775
-0.186186186186186 -3.46848765758546
-0.182182182182182 8.99706756354505
-0.178178178178178 -3.79569027899441
-0.174174174174174 8.93918558221814
-0.17017017017017 9.41085984201489
-0.166166166166166 8.63523430208187
-0.162162162162162 -1.58668265448597
-0.158158158158158 11.9555859661026
-0.154154154154154 11.084722300511
-0.15015015015015 -0.153127261737722
-0.146146146146146 -2.18264980057445
-0.142142142142142 -0.702315072963021
-0.138138138138138 -1.45964254495926
-0.134134134134134 -2.57319059034705
-0.13013013013013 -2.79672106320958
-0.126126126126126 -2.26127879216553
-0.122122122122122 10.6674310292107
-0.118118118118118 9.82053501424122
-0.114114114114114 9.91432979456605
-0.11011011011011 -1.74141006464229
-0.106106106106106 8.82388133645583
-0.102102102102102 10.1580311996625
-0.0980980980980981 -0.763159077550152
-0.0940940940940942 -2.5832831394587
-0.0900900900900901 -2.3806295552007
-0.0860860860860861 -2.54776324461368
-0.082082082082082 -0.681159928949263
-0.0780780780780781 -1.16956328217448
-0.0740740740740742 8.02899085834656
-0.07007007007007 9.0587167596713
-0.0660660660660661 9.36119667106471
-0.062062062062062 9.09859833812312
-0.0580580580580581 11.0354569342936
-0.0540540540540542 0.934002035624591
-0.05005005005005 -1.06098467034826
-0.0460460460460461 10.6888244844006
-0.042042042042042 11.2606546930932
-0.0380380380380381 11.5427876335216
-0.0340340340340342 -2.26303997693549
-0.03003003003003 10.9359543020136
-0.0260260260260261 11.0129690623489
-0.022022022022022 -1.26305813504936
-0.0180180180180181 0.634406197048971
-0.0140140140140139 0.843104252359065
-0.01001001001001 10.0801297400389
-0.00600600600600609 0.238588437692763
-0.00200200200200196 -0.372225242988352
0.00200200200200218 -0.890041163340651
0.00600600600600609 0.340722366537403
0.01001001001001 11.1087409703717
0.0140140140140139 0.413184296775532
0.0180180180180178 0.717968580766039
0.0220220220220222 10.2046695830951
0.0260260260260261 2.13752128423763
0.03003003003003 -0.24636846369895
0.0340340340340339 0.54859075304616
0.0380380380380378 8.95445118166779
0.0420420420420422 11.6396441716264
0.0460460460460461 10.424032906755
0.05005005005005 10.1215293854115
0.0540540540540539 11.5247084806297
0.0580580580580579 9.53568256602062
0.0620620620620622 -0.229331985328407
0.0660660660660661 9.15521190232931
0.07007007007007 9.50814774143887
0.074074074074074 1.02528205181203
0.0780780780780779 1.57117293896103
0.0820820820820822 10.540176782042
0.0860860860860861 9.02156282038836
0.0900900900900901 10.9289334696498
0.094094094094094 1.37768029807052
0.0980980980980979 8.20491852755597
0.102102102102102 8.30550886579083
0.106106106106106 2.28856025982997
0.11011011011011 8.97784789815674
0.114114114114114 0.583034746575319
0.118118118118118 1.65547592053317
0.122122122122122 12.4930938611027
0.126126126126126 2.52768267343779
0.13013013013013 10.6448516403121
0.134134134134134 2.59139485211339
0.138138138138138 1.64993333027956
0.142142142142142 2.01206451100622
0.146146146146146 9.47501969392669
0.15015015015015 6.76228710209271
0.154154154154154 9.1191060819496
0.158158158158158 9.617368600076
0.162162162162162 8.9376425290622
0.166166166166166 2.1705939791323
0.17017017017017 7.4846281754727
0.174174174174174 9.98236725661394
0.178178178178178 2.39054160479974
0.182182182182182 2.40525059133004
0.186186186186186 9.0261062912415
0.19019019019019 1.89536163388908
0.194194194194194 2.64646488312996
0.198198198198198 1.65552998466309
0.202202202202202 8.49591570581945
0.206206206206206 2.41198468574892
0.21021021021021 0.506560910749887
0.214214214214214 9.88679434562416
0.218218218218218 11.099502285222
0.222222222222222 9.03462751573835
0.226226226226226 9.35969816196324
0.23023023023023 2.23766257000756
0.234234234234234 9.91759349086217
0.238238238238238 8.99413313824568
0.242242242242242 9.29133738066655
0.246246246246246 1.91889851300946
0.25025025025025 1.48892695831769
0.254254254254254 2.17616833230632
0.258258258258258 9.32238945712266
0.262262262262262 9.50310729351219
0.266266266266266 3.59807209001632
0.27027027027027 2.97159781172515
0.274274274274274 2.53883692296189
0.278278278278278 2.82732082573236
0.282282282282282 5.37436924321169
0.286286286286286 9.99020931708436
0.29029029029029 1.01308239212258
0.294294294294294 9.24677707899059
0.298298298298298 2.94112726283045
0.302302302302302 3.04624691982209
0.306306306306306 9.45104120954885
0.31031031031031 8.72612539243621
0.314314314314314 8.73799990157579
0.318318318318318 3.07422968794601
0.322322322322322 3.81166471766438
0.326326326326326 10.7132909326145
0.33033033033033 2.60114452947153
0.334334334334334 10.1503143325997
0.338338338338338 9.66019323772266
0.342342342342342 10.1623522444116
0.346346346346346 11.7975606105383
0.35035035035035 9.77727774320198
0.354354354354354 3.84318530771117
0.358358358358358 8.79426446677137
0.362362362362362 3.59984886832255
0.366366366366366 3.25426996450933
0.37037037037037 9.65250673651968
0.374374374374374 8.66751498892575
0.378378378378379 8.32952194306246
0.382382382382382 4.99145551680459
0.386386386386386 9.60560491676157
0.39039039039039 4.9395387877772
0.394394394394394 6.94491168429275
0.398398398398399 9.41494566705002
0.402402402402402 5.54006856293463
0.406406406406406 9.80797486932325
0.41041041041041 3.12432806307788
0.414414414414414 3.46379797182749
0.418418418418419 2.41058286784622
0.422422422422422 9.32415834826011
0.426426426426426 5.38642370800202
0.43043043043043 10.4213245460641
0.434434434434435 7.63308983860013
0.438438438438439 6.08500443401829
0.442442442442442 5.12931819140403
0.446446446446446 4.33900467437578
0.45045045045045 4.0160823804826
0.454454454454455 3.90944743644763
0.458458458458459 3.20383065499242
0.462462462462462 4.88695205134741
0.466466466466466 3.4467934800896
0.47047047047047 8.02446115908085
0.474474474474475 10.7562151850487
0.478478478478479 5.75614290428298
0.482482482482482 8.32732678933943
0.486486486486486 3.5997983901719
0.49049049049049 8.21519572244607
0.494494494494495 2.79964055708306
0.498498498498499 8.3185011996571
0.502502502502503 8.13597408546723
0.506506506506506 6.14239536218633
0.51051051051051 6.92656868582422
0.514514514514515 4.49569842847357
0.518518518518519 8.24226267390301
0.522522522522523 9.7130653067348
0.526526526526526 7.57275990347959
0.53053053053053 8.11207218402115
0.534534534534535 8.96822499028821
0.538538538538539 6.1279543002826
0.542542542542543 7.93724374680422
0.546546546546546 3.55632211674565
0.55055055055055 5.58403589976986
0.554554554554555 6.50987542848076
0.558558558558559 6.04928825466736
0.562562562562563 8.62024069290109
0.566566566566566 4.50048613722461
0.57057057057057 7.00158664695191
0.574574574574575 6.75263855918375
0.578578578578579 5.6961823352158
0.582582582582583 4.30881103878999
0.586586586586586 6.62475184074274
0.59059059059059 10.4927133219509
0.594594594594595 6.42156545918222
0.598598598598599 3.87049065134455
0.602602602602603 5.47058625414725
0.606606606606606 4.2416082172783
0.61061061061061 5.83142750714416
0.614614614614615 10.5990011990437
0.618618618618619 7.73393861376524
0.622622622622623 6.3851606048634
0.626626626626626 7.77148428183786
0.63063063063063 6.60447851852695
0.634634634634635 7.40923515292023
0.638638638638639 8.85923841242263
0.642642642642643 6.95049656659417
0.646646646646647 8.58351717342245
0.65065065065065 8.69223008119794
0.654654654654655 5.5447414126084
0.658658658658659 8.60299679168566
0.662662662662663 5.69328596994825
0.666666666666667 7.62157592102542
0.67067067067067 8.28870100200979
0.674674674674675 8.63237530567802
0.678678678678679 11.0584242392215
0.682682682682683 5.08485020597049
0.686686686686687 7.05910883057718
0.69069069069069 5.7858184392047
0.694694694694695 6.87967130277934
0.698698698698699 5.95559292785717
0.702702702702703 6.75151875485556
0.706706706706707 6.11755624297317
0.710710710710711 6.25036670372586
0.714714714714715 7.46187548062917
0.718718718718719 7.48930472135664
0.722722722722723 8.6194315164861
0.726726726726727 7.32515275102426
0.730730730730731 6.16578375780187
0.734734734734735 6.92537781333855
0.738738738738739 6.65915398358827
0.742742742742743 6.4396039192153
0.746746746746747 7.20321545761186
0.750750750750751 8.03165754417112
0.754754754754755 8.26186988973302
0.758758758758759 6.18012494047951
0.762762762762763 5.88549874636173
0.766766766766767 7.82614212379838
0.770770770770771 5.02751517720695
0.774774774774775 7.38018415868731
0.778778778778779 4.71833681227863
0.782782782782783 7.09608498477535
0.786786786786787 7.4580866213113
0.790790790790791 6.64108331941627
0.794794794794795 6.28140860972262
0.798798798798799 7.64114692865827
0.802802802802803 6.00795180971821
0.806806806806807 6.74220326604983
0.810810810810811 7.97007084429225
0.814814814814815 7.50056026168843
0.818818818818819 5.7316641374263
0.822822822822823 7.45472769596493
0.826826826826827 7.30711720123359
0.830830830830831 8.3201011391521
0.834834834834835 5.60344030926668
0.838838838838839 7.15011025915966
0.842842842842843 8.26888757056247
0.846846846846847 7.99746072530627
0.850850850850851 5.69767974801318
0.854854854854855 7.39179770137119
0.858858858858859 7.01796207552082
0.862862862862863 5.00203447847068
0.866866866866867 8.03184641106598
0.870870870870871 7.37177051574755
0.874874874874875 6.66836203893981
0.878878878878879 8.3563234879298
0.882882882882883 8.44685116952664
0.886886886886887 7.19916517782454
0.890890890890891 7.33993343580547
0.894894894894895 7.79550987022629
0.898898898898899 5.91558833976768
0.902902902902903 7.71976711649276
0.906906906906907 7.71863329666675
0.910910910910911 7.61247382779912
0.914914914914915 5.72027792335411
0.918918918918919 8.35991016671618
0.922922922922923 5.1383049402186
0.926926926926927 5.87151861679692
0.930930930930931 4.13599023210062
0.934934934934935 6.65885770777383
0.938938938938939 7.25102465450451
0.942942942942943 4.23891060475344
0.946946946946947 7.64342837786338
0.950950950950951 7.39185626402208
0.954954954954955 5.43276829818571
0.958958958958959 7.30156859357083
0.962962962962963 8.78078976573969
0.966966966966967 7.89880391556683
0.970970970970971 5.94099134103749
0.974974974974975 8.0331369371015
0.978978978978979 4.8897988699816
0.982982982982983 5.30199545119351
0.986986986986987 6.1024821456939
0.990990990990991 8.60972158909506
0.994994994994995 5.26961101306096
0.998998998998999 8.13445383029214
1.003003003003 4.48303535946622
1.00700700700701 8.73928836660289
1.01101101101101 5.91165725007156
1.01501501501502 5.60447821410857
1.01901901901902 9.46199339335319
1.02302302302302 8.25488956526506
1.02702702702703 2.45464886999701
1.03103103103103 8.36621277600356
1.03503503503504 5.2684507525868
1.03903903903904 2.82413628283158
1.04304304304304 8.43873337972871
1.04704704704705 4.45902254549263
1.05105105105105 6.10381947402766
1.05505505505506 8.83102925443178
1.05905905905906 8.73364676986055
1.06306306306306 9.09136691752614
1.06706706706707 4.52452937072507
1.07107107107107 4.71066130147917
1.07507507507508 9.4446310549601
1.07907907907908 8.58285876459291
1.08308308308308 4.04700077506798
1.08708708708709 4.18525588624328
1.09109109109109 9.71991600619358
1.0950950950951 5.59320066550597
1.0990990990991 3.19229558057838
1.1031031031031 5.22037679049572
1.10710710710711 4.39273173072544
1.11111111111111 8.41266155128454
1.11511511511512 7.27335579869752
1.11911911911912 7.67300014667331
1.12312312312312 2.71311402916108
1.12712712712713 9.11193306683165
1.13113113113113 4.23789265752835
1.13513513513514 8.72222246986087
1.13913913913914 3.81754018678117
1.14314314314314 3.76379470084107
1.14714714714715 4.32143863581981
1.15115115115115 2.78381024752284
1.15515515515516 8.74034469492051
1.15915915915916 2.80161535432387
1.16316316316316 5.34980749519428
1.16716716716717 10.4710876220391
1.17117117117117 8.82051928408634
1.17517517517518 9.00416133743118
1.17917917917918 3.73201817800786
1.18318318318318 10.1985196746027
1.18718718718719 8.66753093352909
1.19119119119119 3.13509160147792
1.1951951951952 8.93522278692768
1.1991991991992 9.86282263189509
1.2032032032032 9.44449302051126
1.20720720720721 3.41542285902313
1.21121121121121 9.42067209685925
1.21521521521522 8.45699518916371
1.21921921921922 10.4900889025524
1.22322322322322 2.89471995179602
1.22722722722723 2.65257822023592
1.23123123123123 5.26946378434797
1.23523523523524 3.1322957014604
1.23923923923924 12.0180362097781
1.24324324324324 3.77494075395012
1.24724724724725 4.01190235465321
1.25125125125125 2.98236273890342
1.25525525525526 9.84325372532376
1.25925925925926 2.51523409649142
1.26326326326326 3.13370553430442
1.26726726726727 1.99554421979084
1.27127127127127 9.6254298511924
1.27527527527528 2.00549391875802
1.27927927927928 1.20740065887959
1.28328328328328 8.67321011995165
1.28728728728729 1.15314924548935
1.29129129129129 2.64168919916151
1.2952952952953 3.86651301536257
1.2992992992993 2.21680174989345
1.3033033033033 0.452309002569476
1.30730730730731 11.0582649381889
1.31131131131131 2.26018311331041
1.31531531531532 11.2702403564269
1.31931931931932 4.33649305320881
1.32332332332332 8.75345887809871
1.32732732732733 9.5111609212324
1.33133133133133 7.60873196075925
1.33533533533534 2.41066634337278
1.33933933933934 8.60463619233792
1.34334334334334 9.73789841596314
1.34734734734735 1.3504662807971
1.35135135135135 10.8492440881842
1.35535535535536 11.7421747349018
1.35935935935936 10.6100930772607
1.36336336336336 1.70112230506449
1.36736736736737 9.24800097435238
1.37137137137137 1.96745385017784
1.37537537537538 12.1095116107264
1.37937937937938 0.732925632219294
1.38338338338338 1.7310523234618
1.38738738738739 1.11790707360638
1.39139139139139 8.46499884226223
1.3953953953954 12.4596344036224
1.3993993993994 8.58844527526966
1.4034034034034 10.8975839339909
1.40740740740741 10.0372667954336
1.41141141141141 -0.207343505616273
1.41541541541542 9.81195474829443
1.41941941941942 9.4893629092097
1.42342342342342 10.5853600434029
1.42742742742743 0.693947603757185
1.43143143143143 1.39197551528246
1.43543543543544 1.73274159741391
1.43943943943944 1.07749460380471
1.44344344344344 -0.106378181856783
1.44744744744745 10.5697374523261
1.45145145145145 1.60152288728261
1.45545545545546 0.456308316465293
1.45945945945946 1.7825411319634
1.46346346346346 10.4423140104775
1.46746746746747 0.671821524260395
1.47147147147147 1.32803427853238
1.47547547547548 0.565024324496507
1.47947947947948 -0.367330364865099
1.48348348348348 8.96849067135414
1.48748748748749 3.10475182108835
1.49149149149149 0.963309074923848
1.4954954954955 9.90968744076171
1.4994994994995 1.27751194557601
1.5035035035035 8.79482747822787
1.50750750750751 9.36559316900637
1.51151151151151 -0.313297703873056
1.51551551551552 9.59509726875481
1.51951951951952 1.57834719356658
1.52352352352352 10.0392443505642
1.52752752752753 1.83512829220332
1.53153153153153 -0.28577889919566
1.53553553553554 0.886387781371876
1.53953953953954 12.0192859290128
1.54354354354354 0.422996592968077
1.54754754754755 2.06504728367407
1.55155155155155 10.7545830421087
1.55555555555556 9.97362416854634
1.55955955955956 9.12171221614931
1.56356356356356 0.104778526886716
1.56756756756757 1.52239949463695
1.57157157157157 0.389075030247174
1.57557557557558 1.92840757091978
1.57957957957958 -0.143094938806291
1.58358358358358 -0.307615639614868
1.58758758758759 12.6365909742713
1.59159159159159 12.4101997522479
1.5955955955956 10.9905886370919
1.5995995995996 0.661745773457191
1.6036036036036 9.58854717426769
1.60760760760761 0.860559054765106
1.61161161161161 1.56472145487611
1.61561561561562 0.213401540307055
1.61961961961962 -0.249596628579664
1.62362362362362 -2.01715822585418
1.62762762762763 0.446604973647887
1.63163163163163 9.5396683478553
1.63563563563564 11.1980964360522
1.63963963963964 10.2369803572184
1.64364364364364 0.200863550428603
1.64764764764765 9.65863368978472
1.65165165165165 11.7332647230369
1.65565565565566 -1.96207437819389
1.65965965965966 0.299622202684039
1.66366366366366 10.7482099100468
1.66766766766767 -1.26005953330819
1.67167167167167 9.38167603753769
1.67567567567568 -2.60938862956824
1.67967967967968 -1.37978329222123
1.68368368368368 9.14295267836794
1.68768768768769 -0.93191657031602
1.69169169169169 -1.75992259729546
1.6956956956957 -1.60563762921102
1.6996996996997 -1.19122457208853
1.7037037037037 -2.29967872585083
1.70770770770771 9.5611701609605
1.71171171171171 9.59532512310058
1.71571571571572 -2.43389547546687
1.71971971971972 -0.402065164223121
1.72372372372372 10.9875416251478
1.72772772772773 10.1335966230233
1.73173173173173 -3.76342974146063
1.73573573573574 8.65598911470914
1.73973973973974 9.05227781282017
1.74374374374374 -1.08088900874154
1.74774774774775 9.68132809248695
1.75175175175175 -4.26052018323424
1.75575575575576 -2.18450942319992
1.75975975975976 11.2358674257279
1.76376376376376 -2.2036906457202
1.76776776776777 10.2381705507039
1.77177177177177 10.311832655604
1.77577577577578 -0.977917498347204
1.77977977977978 -1.66168842476996
1.78378378378378 10.0329000982861
1.78778778778779 -0.500643898552305
1.79179179179179 10.3926901699942
1.7957957957958 -1.68079823290508
1.7997997997998 -1.41130722512031
1.8038038038038 10.1962182541877
1.80780780780781 -2.87973363060138
1.81181181181181 8.90892592092804
1.81581581581582 -2.42936478634138
1.81981981981982 -1.8267691733461
1.82382382382382 -2.99844003773753
1.82782782782783 -2.13181303172519
1.83183183183183 -2.52247476121369
1.83583583583584 9.98733274789745
1.83983983983984 -3.31750850698713
1.84384384384384 -3.04876469956823
1.84784784784785 10.852580220193
1.85185185185185 9.53527848409457
1.85585585585586 10.019612928064
1.85985985985986 -3.17744775586428
1.86386386386386 -4.63196242917452
1.86786786786787 9.82417706003792
1.87187187187187 10.9207682405335
1.87587587587588 10.1543044962019
1.87987987987988 9.71299810674093
1.88388388388388 8.66021716650944
1.88788788788789 -1.58306963514066
1.89189189189189 8.83414111475238
1.8958958958959 -3.7726624886952
1.8998998998999 -3.23179715538729
1.9039039039039 10.6068790651973
1.90790790790791 -2.70551944510179
1.91191191191191 8.47347963989608
1.91591591591592 10.1583452946895
1.91991991991992 10.0046666372575
1.92392392392392 8.37133664673337
1.92792792792793 9.9051113498724
1.93193193193193 -2.35367899063828
1.93593593593594 -3.32898907028412
1.93993993993994 7.97686555043131
1.94394394394394 8.17727381556102
1.94794794794795 -2.81005316982576
1.95195195195195 -2.05093480983259
1.95595595595596 -3.83633227653523
1.95995995995996 -5.08223906723634
1.96396396396396 8.39722851473678
1.96796796796797 -5.32524185080494
1.97197197197197 -3.66224639375778
1.97597597597598 7.79186346386941
1.97997997997998 -3.96014935836975
1.98398398398398 6.89360165465739
1.98798798798799 9.01538249749096
1.99199199199199 9.88978288744172
1.995995995996 8.73689105173901
2 8.99851733393199
